4.178840 -16.733691 0.000000
-4.144065 -3.835136 0.000000
-2.283427 1.079970 0.000000
12.543338 8.030816 0.000000
-26.111303 35.817186 0.000000
-0.398850 18.697399 0.000000
-36.417996 22.550965 0.000000
-10.699325 48.547650 0.000000
-3.589101 6.112788 0.000000
-0.357452 4.943890 0.000000
-22.708010 -1.580938 0.000000
-0.631422 -26.612895 0.000000
22.172537 -0.814658 0.000000
-89.286658 -39.313672 0.000000
-22.479939 12.124870 0.000000
3.067642 -7.529757 0.000000
-1.055633 -5.191403 0.000000
-0.648712 -2.111703 0.000000
-49.469058 -9.691494 0.000000
14.804566 -22.774655 0.000000
-21.956103 -9.469797 0.000000
11.389691 -0.178814 0.000000
41.647198 1.641034 0.000000
-32.689605 -21.311407 0.000000
21.462943 -1.270157 0.000000
-12.035286 -4.854732 0.000000
36.752266 -14.424124 0.000000
-7.077544 -9.062339 0.000000
-2.481343 0.960789 0.000000
-4.377824 12.938374 0.000000
-11.887536 -3.165844 0.000000
-29.576615 -6.994925 0.000000
2.282266 6.313522 0.000000
-9.773844 4.292415 0.000000
-9.701610 5.574967 0.000000
-0.146599 -3.789957 0.000000
0.023299 -10.464252 0.000000
-2.958703 4.223869 0.000000
-31.474190 -33.262109 0.000000
9.686457 -6.212703 0.000000
-13.706520 -0.616029 0.000000
18.378044 16.590209 0.000000
-29.484109 57.556612 0.000000
16.016041 34.953192 0.000000
-0.214088 -14.947130 0.000000
-2.399466 -61.328544 0.000000
28.244696 39.577054 0.000000
31.273442 4.416986 0.000000
-21.442892 -38.750347 0.000000
4.034944 -2.012356 0.000000
19.268227 17.395929 0.000000
3.439682 -32.979592 0.000000
0.839186 -17.500551 0.000000
-6.151597 -10.974265 0.000000
10.334503 -4.440099 0.000000
0.582524 -0.311953 0.000000
25.321763 -9.435299 0.000000
10.360407 14.555826 0.000000
-3.996316 8.742848 0.000000
11.394916 -5.492722 0.000000
-59.817675 -16.962778 0.000000
-27.588129 25.042721 0.000000
-14.083427 18.599933 0.000000
1.979843 -5.758906 0.000000
6.951949 7.065142 0.000000
7.588356 3.996466 0.000000
-3.431293 14.165100 0.000000
0.346924 1.793275 0.000000
-12.676728 -10.174357 0.000000
0.867323 0.165385 0.000000
-14.103942 -1.130265 0.000000
3.508974 -3.829030 0.000000
-34.452096 -10.046429 0.000000
23.694131 52.618170 0.000000
25.770334 19.228575 0.000000
36.588795 40.015855 0.000000
2.204534 1.291865 0.000000
-3.954480 -8.269319 0.000000
6.124344 -11.102706 0.000000
-24.714936 -16.251054 0.000000
-0.502594 -4.152152 0.000000
-4.031791 -18.771353 0.000000
-0.841064 3.515332 0.000000
2.700936 1.309882 0.000000
-0.127992 1.846565 0.000000
7.999128 -2.846299 0.000000
19.072197 -20.491614 0.000000
-18.180044 -12.377190 0.000000
-13.921783 -15.376245 0.000000
14.976789 -32.966629 0.000000
15.306485 -20.791396 0.000000
-15.053572 4.219950 0.000000
83.382235 -9.485134 0.000000
-20.813455 -23.581154 0.000000
38.364279 4.478355 0.000000
-3.867721 30.369921 0.000000
-16.920568 24.783409 0.000000
23.361740 -23.992261 0.000000
-30.912400 58.398887 0.000000
-7.673645 -4.057124 0.000000
-4.072775 2.608391 0.000000
38.553663 -26.583131 0.000000
9.267035 11.103115 0.000000
28.886422 -29.865861 0.000000
20.241640 30.093130 0.000000
-26.930342 12.929883 0.000000
19.337560 -5.006343 0.000000
7.508147 3.349496 0.000000
-0.768884 -2.242433 0.000000
43.386483 -6.589376 0.000000
-10.418936 0.279670 0.000000
-23.990350 29.889650 0.000000
-30.744262 22.866092 0.000000
10.041923 -7.599871 0.000000
-31.110970 -12.706677 0.000000
21.747390 -30.298112 0.000000
-4.047989 1.290942 0.000000
-40.503134 19.849326 0.000000
0.475363 0.875114 0.000000
-22.161292 10.089845 0.000000
-15.151846 -2.122726 0.000000
26.534770 -6.838559 0.000000
-36.703705 70.882213 0.000000
12.505465 12.652076 0.000000
-16.510008 -51.676557 0.000000
-19.338538 35.318780 0.000000
2.948889 1.174163 0.000000
-0.149851 -0.039013 0.000000
10.802531 6.669340 0.000000
24.976697 -28.359203 0.000000
-6.106944 1.536876 0.000000
-11.672713 23.447130 0.000000
-41.705919 -25.772219 0.000000
0.363908 -8.704856 0.000000
13.791242 37.312973 0.000000
12.298237 32.620022 0.000000
2.454760 6.854944 0.000000
0.826311 -38.479357 0.000000
-13.726091 10.668731 0.000000
14.193559 30.298378 0.000000
8.729126 1.471266 0.000000
39.644855 12.772728 0.000000
23.432206 -23.397157 0.000000
37.193445 24.684362 0.000000
6.193951 -55.843757 0.000000
-28.055807 5.166231 0.000000
1.722747 10.639621 0.000000
-39.716889 25.976552 0.000000
11.770171 -0.291794 0.000000
29.532258 -28.603771 0.000000
-10.305731 -14.388296 0.000000
2.981196 13.023704 0.000000
9.033695 -58.673612 0.000000
-2.597182 -1.644220 0.000000
21.043303 35.477389 0.000000
-1.946274 -0.230279 0.000000
-37.233013 47.810262 0.000000
18.398651 4.028255 0.000000
-41.141806 -50.498562 0.000000
2.170161 -21.207101 0.000000
-2.582847 -12.961630 0.000000
-8.691333 5.371014 0.000000
-49.613199 38.263826 0.000000
0.548186 -0.072788 0.000000
-14.948966 -12.516611 0.000000
-8.930919 16.778223 0.000000
8.250990 -12.038010 0.000000
9.272958 -5.502803 0.000000
-4.711965 -29.303570 0.000000
-15.930455 -13.411011 0.000000
18.418853 23.653900 0.000000
-8.141748 4.576320 0.000000
7.842182 -4.791778 0.000000
9.419337 -12.089853 0.000000
10.567385 -2.502492 0.000000
2.288174 -30.065293 0.000000
-7.034216 -16.385388 0.000000
-11.917440 3.099135 0.000000
0.420967 -3.608040 0.000000
11.741595 -7.399067 0.000000
1.227404 -0.846789 0.000000
8.805964 39.916584 0.000000
-8.642343 -22.632411 0.000000
0.197416 2.180484 0.000000
29.217681 11.598180 0.000000
-8.760032 -2.397531 0.000000
42.305825 7.976020 0.000000
1.826021 6.355835 0.000000
-2.531752 -2.434077 0.000000
12.163666 1.744596 0.000000
-19.357800 22.245679 0.000000
7.189940 15.343605 0.000000
-0.460361 -1.274305 0.000000
-17.734551 -28.146086 0.000000
37.606968 -3.225603 0.000000
16.181907 1.989515 0.000000
-7.622520 42.317185 0.000000
4.436680 -10.865428 0.000000
-14.353635 12.089259 0.000000
12.520775 21.349777 0.000000
5.697845 -5.838083 0.000000
-0.306991 -0.255430 0.000000
11.277626 -22.144794 0.000000
31.684318 -37.679429 0.000000
-20.111521 2.686858 0.000000
12.959088 12.954779 0.000000
28.652569 9.991704 0.000000
-11.334815 -36.637335 0.000000
2.125209 6.395526 0.000000
-22.053494 43.896065 0.000000
1.916131 6.696898 0.000000
-0.434083 -0.471602 0.000000
1.828060 9.580215 0.000000
-4.260588 -0.205531 0.000000
8.939116 11.207818 0.000000
-0.042824 0.646017 0.000000
-9.483124 -16.997022 0.000000
23.178028 4.005054 0.000000
20.640767 0.385526 0.000000
-23.235278 6.687845 0.000000
-36.800389 23.030655 0.000000
-20.192987 -2.958460 0.000000
8.840252 -16.534861 0.000000
-5.837674 2.385353 0.000000
30.076611 -0.166348 0.000000
-6.532777 8.458026 0.000000
-8.200846 11.666025 0.000000
33.579859 -35.615085 0.000000
48.786176 -46.482104 0.000000
13.174667 17.157974 0.000000
23.578520 -24.486479 0.000000
-37.014457 -25.417726 0.000000
-10.671972 -34.510429 0.000000
2.351211 4.883444 0.000000
13.940948 18.329108 0.000000
1.739212 0.203774 0.000000
-2.235891 5.944784 0.000000
12.010550 10.627795 0.000000
6.655555 2.524571 0.000000
14.652694 70.040155 0.000000
6.653700 0.021795 0.000000
-27.628933 6.726171 0.000000
-26.461804 -26.502884 0.000000
-0.885380 -1.039042 0.000000
-35.912261 36.188826 0.000000
-0.779992 0.884354 0.000000
8.929819 44.371582 0.000000
9.060809 15.941211 0.000000
1.739044 -6.649099 0.000000
8.008880 6.617557 0.000000
1.197655 14.256658 0.000000
2.360861 3.086585 0.000000
4.913193 -10.704489 0.000000
29.470283 12.832892 0.000000
-40.699537 22.202469 0.000000
-12.876986 -3.415717 0.000000
34.331099 25.087233 0.000000
15.984220 -19.484960 0.000000
-41.894483 5.454853 0.000000
17.622662 3.955380 0.000000
-6.816834 -45.305767 0.000000
16.997305 -35.793836 0.000000
-3.141426 -0.516469 0.000000
-0.859214 -8.611475 0.000000
22.763302 21.485659 0.000000
34.616495 35.476015 0.000000
10.897931 -19.838348 0.000000
-7.778318 14.168486 0.000000
-3.804308 -22.689425 0.000000
-6.356617 7.923344 0.000000
-51.641697 49.762551 0.000000
-9.016711 0.995481 0.000000
16.509232 16.712607 0.000000
5.833342 35.313803 0.000000
4.755595 11.308595 0.000000
14.195502 6.326572 0.000000
-7.197681 14.007872 0.000000
-6.263292 2.343783 0.000000
-6.549964 -20.843956 0.000000
-4.221912 5.011747 0.000000
-1.326838 -1.724362 0.000000
-4.275988 -33.367094 0.000000
-11.097771 9.781884 0.000000
-2.710165 6.870572 0.000000
-5.311327 -10.306798 0.000000
-22.846199 8.997811 0.000000
18.874949 16.359945 0.000000
3.832966 -19.889021 0.000000
36.676203 26.514730 0.000000
3.913187 10.036430 0.000000
-29.683328 -1.952543 0.000000
10.280356 -4.502726 0.000000
-27.201013 5.346849 0.000000
20.543645 -34.497483 0.000000
11.696511 16.994940 0.000000
26.883137 -29.366761 0.000000
12.932377 -2.472067 0.000000
31.352693 -3.274623 0.000000
41.411976 -14.706816 0.000000
6.606117 13.124068 0.000000
-27.303002 41.465997 0.000000
1.246561 -17.081902 0.000000
-24.080198 2.134232 0.000000
-2.114158 2.140413 0.000000
-23.387600 38.935848 0.000000
1.940773 -2.740294 0.000000
0.502628 -0.016402 0.000000
-15.134265 -22.466591 0.000000
-2.433229 -6.023463 0.000000
-3.580550 0.484505 0.000000
8.320931 24.508384 0.000000
-2.828124 0.456202 0.000000
2.807660 7.807035 0.000000
41.700923 19.484873 0.000000
-1.793028 -4.495330 0.000000
-29.823128 -68.724645 0.000000
-1.778797 -4.011996 0.000000
60.244148 6.393792 0.000000
-16.544074 -49.154102 0.000000
3.322907 -17.551901 0.000000
-42.651701 -2.597750 0.000000
-13.606139 10.489263 0.000000
-17.026331 31.839286 0.000000
-5.118731 10.314986 0.000000
-2.404800 0.314862 0.000000
0.044399 6.741916 0.000000
-5.253322 -24.185886 0.000000
14.935699 -25.821094 0.000000
54.267063 29.659071 0.000000
-5.638894 21.711828 0.000000
-11.536564 2.997450 0.000000
40.346094 16.731414 0.000000
34.641773 -41.619135 0.000000
-5.551489 -5.448541 0.000000
6.921291 -19.027486 0.000000
-33.417838 10.692266 0.000000
-21.894413 -20.279189 0.000000
1.483014 0.451618 0.000000
15.542119 -13.309967 0.000000
0.850614 2.341970 0.000000
16.938111 35.533867 0.000000
-39.476720 -11.112951 0.000000
-6.314212 -31.494729 0.000000
1.358552 -0.177955 0.000000
-20.728218 -8.605568 0.000000
0.203704 -14.257124 0.000000
18.505916 -28.348197 0.000000
16.380958 -5.023871 0.000000
48.744650 -35.567417 0.000000
48.582607 -30.415051 0.000000
-2.570506 8.103226 0.000000
-4.821915 -15.182340 0.000000
51.920673 -7.764592 0.000000
41.160736 2.779948 0.000000
-29.755322 16.655225 0.000000
4.340631 3.968622 0.000000
-44.915431 5.064122 0.000000
3.396355 30.826669 0.000000
27.825943 -46.937033 0.000000
-3.151301 -25.191336 0.000000
12.877476 -7.447613 0.000000
18.558202 -12.196037 0.000000
17.443568 -5.067079 0.000000
36.359694 17.497593 0.000000
4.281033 33.550354 0.000000
1.304463 1.596020 0.000000
11.189822 2.187071 0.000000
-34.791638 7.598715 0.000000
-9.199385 -11.565209 0.000000
-28.288717 63.102444 0.000000
-31.329468 38.112889 0.000000
-45.983888 -25.719815 0.000000
-10.248477 -37.163493 0.000000
-5.258426 -36.322950 0.000000
-10.105297 32.872419 0.000000
-2.796543 0.688688 0.000000
-26.721427 14.603752 0.000000
-7.398793 -37.320708 0.000000
40.602573 0.552048 0.000000
-21.916416 15.958157 0.000000
-19.437954 -29.809388 0.000000
10.849188 -0.527975 0.000000
2.848970 -5.823586 0.000000
-16.823008 -2.517727 0.000000
44.483024 14.291969 0.000000
0.990502 -1.702977 0.000000
44.177181 -0.258144 0.000000
5.746339 -4.230165 0.000000
20.849653 -31.846689 0.000000
32.763370 17.319324 0.000000
-5.671420 16.732502 0.000000
9.561492 17.609068 0.000000
-5.686355 2.812340 0.000000
0.196173 7.089098 0.000000
5.347474 3.373229 0.000000
19.448969 -33.726145 0.000000
-4.552055 -9.719052 0.000000
-14.858528 0.697849 0.000000
16.069761 -23.829686 0.000000
0.048159 -0.460512 0.000000
0.831831 0.444035 0.000000
-24.025142 42.204695 0.000000
11.645204 0.528721 0.000000
4.419035 9.943035 0.000000
-2.525613 -6.515668 0.000000
36.357750 4.229581 0.000000
18.473169 39.695246 0.000000
2.376330 5.842508 0.000000
-26.629503 -37.622757 0.000000
-4.390733 15.614863 0.000000
6.182520 -9.862275 0.000000
4.068497 12.414341 0.000000
-11.204835 -2.390833 0.000000
43.341458 -4.568032 0.000000
5.241752 11.115421 0.000000
-0.737397 -3.418130 0.000000
5.836389 1.382877 0.000000
15.094048 31.178372 0.000000
2.607223 10.533056 0.000000
2.209595 -2.186107 0.000000
-29.207226 1.668542 0.000000
-27.400069 -14.249011 0.000000
0.016429 1.045840 0.000000
1.005229 12.111179 0.000000
1.586230 7.381986 0.000000
-3.991245 11.374025 0.000000
3.885688 17.219380 0.000000
-7.547416 31.073422 0.000000
23.265321 1.485264 0.000000
-3.742960 0.842345 0.000000
13.739809 21.608300 0.000000
-6.670099 -8.116220 0.000000
3.164939 -4.580948 0.000000
4.330105 8.477053 0.000000
23.893448 2.187438 0.000000
2.833324 -4.336102 0.000000
-6.641413 -12.231954 0.000000
-20.893380 17.460118 0.000000
-0.122297 -21.306502 0.000000
20.997433 14.100513 0.000000
-12.078904 11.551813 0.000000
-30.976837 -12.683618 0.000000
-8.472243 -67.403091 0.000000
38.708493 3.784320 0.000000
33.589390 4.708254 0.000000
4.591512 -7.673721 0.000000
-12.321828 37.937382 0.000000
-11.093672 -34.803102 0.000000
14.127376 8.082204 0.000000
18.495085 38.329243 0.000000
7.589834 34.180135 0.000000
9.113868 -29.309894 0.000000
0.514218 2.771993 0.000000
1.271150 4.776852 0.000000
6.006553 9.148934 0.000000
-6.596357 12.068813 0.000000
-12.220603 -30.419819 0.000000
2.326133 -0.828046 0.000000
-26.440250 6.857878 0.000000
1.980169 -1.076891 0.000000
14.062240 4.065254 0.000000
36.336071 -10.706275 0.000000
0.006915 0.016857 0.000000
-24.631940 26.673218 0.000000
13.015979 32.596151 0.000000
-28.441468 -10.494608 0.000000
0.521077 13.342189 0.000000
-17.475865 18.210744 0.000000
-8.130274 5.648017 0.000000
1.783855 -8.514452 0.000000
-0.557506 -14.636370 0.000000
-13.355184 7.124520 0.000000
16.150774 -14.213051 0.000000
-25.733159 -7.722522 0.000000
-46.557723 -5.028911 0.000000
-43.503426 -12.294832 0.000000
20.520471 -12.600804 0.000000
-40.468695 -36.702907 0.000000
0.831488 22.351355 0.000000
-30.521815 6.655245 0.000000
-1.673503 1.016133 0.000000
-0.808576 -7.430090 0.000000
0.576810 8.916312 0.000000
41.704603 38.588201 0.000000
-35.452612 12.792561 0.000000
-10.108074 -11.446311 0.000000
-27.932895 -51.256221 0.000000
-16.227031 -23.989181 0.000000
-22.017429 -6.879288 0.000000
2.537313 -8.772388 0.000000
-11.297686 6.350572 0.000000
23.821971 -66.705467 0.000000
40.148456 12.266780 0.000000
5.868271 12.337678 0.000000
18.854006 19.251740 0.000000
16.980585 -20.631108 0.000000
0.652623 -21.425316 0.000000
-0.937028 0.894881 0.000000
-58.569002 -19.629495 0.000000
82.081507 -1.634028 0.000000
17.266170 -2.366166 0.000000
34.819712 28.341617 0.000000
10.560889 0.593976 0.000000
-3.963809 25.943267 0.000000
-1.078482 -3.263739 0.000000
22.532176 33.841093 0.000000
3.813404 -39.064570 0.000000
-23.489762 2.214482 0.000000
-16.405686 18.961110 0.000000
-4.974578 2.060799 0.000000
41.944315 -33.322591 0.000000
21.287663 -25.045131 0.000000
10.625237 -31.399438 0.000000
1.192453 2.735173 0.000000
-15.033870 7.641999 0.000000
-5.683876 1.382714 0.000000
-5.838779 -9.751674 0.000000
-6.847449 2.773072 0.000000
11.547563 -4.253444 0.000000
2.184992 -1.101937 0.000000
-0.044650 -1.306011 0.000000
-0.041458 1.634379 0.000000
-6.241120 -31.566224 0.000000
23.322678 36.295384 0.000000
44.124232 1.819344 0.000000
5.158382 -8.928138 0.000000
-4.319839 -0.304291 0.000000
-1.597981 -1.251863 0.000000
-0.982678 30.204870 0.000000
-4.204143 3.747172 0.000000
-18.677283 18.090985 0.000000
-11.580822 -14.349308 0.000000
2.776685 -1.175525 0.000000
1.619632 55.595600 0.000000
-4.881962 -17.626300 0.000000
19.189690 24.536084 0.000000
-28.288054 20.679258 0.000000
10.519379 8.717898 0.000000
2.133202 -12.463767 0.000000
13.057957 -6.607283 0.000000
-30.625270 -28.712377 0.000000
-22.283067 43.066884 0.000000
7.353823 -0.416928 0.000000
-9.944701 26.369944 0.000000
22.201538 -13.525314 0.000000
-0.876616 -16.893118 0.000000
26.133063 28.483054 0.000000
-5.072193 9.378968 0.000000
-0.643228 13.576513 0.000000
-4.313735 -6.227053 0.000000
-3.555621 5.953277 0.000000
14.139480 -9.917075 0.000000
21.928976 -8.559720 0.000000
31.017867 -33.320973 0.000000
-5.134156 78.886089 0.000000
-22.920081 -10.698712 0.000000
1.633138 -9.969037 0.000000
-4.002793 -5.153520 0.000000
11.421841 -4.713890 0.000000
53.754539 28.607624 0.000000
22.199701 3.932769 0.000000
-2.248760 -5.165586 0.000000
4.307967 -9.412232 0.000000
-12.828589 44.029099 0.000000
-38.873408 12.551945 0.000000
19.389811 33.402884 0.000000
17.821463 -2.165224 0.000000
13.098025 10.904833 0.000000
13.960215 -32.166485 0.000000
-34.529898 -2.420747 0.000000
-12.925585 5.804081 0.000000
-20.459908 19.886523 0.000000
5.119451 -20.556848 0.000000
45.710444 30.020716 0.000000
-9.228773 1.790235 0.000000
7.935876 -6.363261 0.000000
10.822794 59.879351 0.000000
26.168307 -2.439307 0.000000
-4.835291 -31.342707 0.000000
-80.615556 -1.684978 0.000000
-1.804999 -6.881320 0.000000
20.172120 9.219041 0.000000
-13.142441 16.226590 0.000000
-1.276080 37.413089 0.000000
2.205781 -8.453798 0.000000
-15.930488 -0.319169 0.000000
53.225131 9.461156 0.000000
30.372441 25.772957 0.000000
11.930371 -12.419219 0.000000
12.915767 23.080466 0.000000
-4.797268 -23.455746 0.000000
-25.219617 -33.201820 0.000000
33.211027 1.937818 0.000000
-23.361746 -2.121887 0.000000
32.343537 -9.957854 0.000000
5.782995 -11.539349 0.000000
-23.162723 -31.398359 0.000000
7.177648 31.223489 0.000000
26.737562 14.250960 0.000000
10.472520 -4.431747 0.000000
-6.584989 16.310005 0.000000
19.214520 6.684417 0.000000
-0.869194 15.037002 0.000000
1.170681 9.701212 0.000000
6.881006 -9.319511 0.000000
-55.610781 20.235154 0.000000
5.391581 -13.447411 0.000000
-17.301847 9.959641 0.000000
1.493940 3.045040 0.000000
5.390111 3.649228 0.000000
-15.371838 22.977380 0.000000
7.352173 28.430935 0.000000
-10.950786 5.253519 0.000000
2.949621 14.641019 0.000000
-11.869147 -42.052044 0.000000
-18.074095 -4.066857 0.000000
-10.105079 4.888320 0.000000
25.908510 -22.516903 0.000000
-5.153531 -1.107609 0.000000
0.276061 0.486067 0.000000
-4.708842 -3.350951 0.000000
32.551879 -68.569905 0.000000
14.665800 -21.233075 0.000000
31.890693 10.262572 0.000000
17.649430 -23.101334 0.000000
6.951875 -29.332936 0.000000
12.986366 -62.904997 0.000000
-0.431150 55.043705 0.000000
-2.403830 -6.569690 0.000000
-13.435618 16.413666 0.000000
-1.687491 7.748380 0.000000
-30.176411 18.988750 0.000000
-19.307287 22.325297 0.000000
-10.135999 -1.310830 0.000000
-1.944434 -16.264085 0.000000
9.536298 -16.276669 0.000000
14.161670 11.556036 0.000000
6.844358 -27.497409 0.000000
32.278614 -9.083855 0.000000
-6.206385 -4.883071 0.000000
-17.101039 -15.420775 0.000000
0.545485 -23.665392 0.000000
-1.088338 9.412622 0.000000
-22.820713 -12.475877 0.000000
14.242606 9.090003 0.000000
17.213737 17.516911 0.000000
-11.824327 11.083922 0.000000
-17.578552 45.234952 0.000000
-28.011982 14.116158 0.000000
-0.171883 0.401418 0.000000
-1.415038 -0.511094 0.000000
0.484329 2.603746 0.000000
-4.077207 3.111398 0.000000
23.576626 14.394240 0.000000
30.179939 -2.922966 0.000000
-6.470129 -46.124793 0.000000
53.002744 41.499892 0.000000
-25.041439 -32.363619 0.000000
24.899080 -0.104863 0.000000
31.393479 3.756733 0.000000
-15.658687 -60.019489 0.000000
0.145902 -1.350682 0.000000
17.772919 2.358657 0.000000
-9.761736 -5.627630 0.000000
6.506537 16.734275 0.000000
9.893273 -4.477060 0.000000
-28.948167 35.895847 0.000000
1.529375 -4.617226 0.000000
-6.892092 0.142872 0.000000
-23.727277 17.817144 0.000000
-33.385088 19.307932 0.000000
8.980527 61.032926 0.000000
-3.453900 -2.496212 0.000000
1.793519 2.340904 0.000000
26.610698 13.398419 0.000000
19.245727 -5.050639 0.000000
16.671974 0.585761 0.000000
-6.477835 24.357899 0.000000
0.633025 0.112073 0.000000
-9.727832 53.097871 0.000000
0.654259 6.103157 0.000000
-10.774063 -55.576545 0.000000
3.696991 -9.633399 0.000000
-42.617438 -14.298140 0.000000
32.012118 -8.739156 0.000000
-16.419159 22.930300 0.000000
-3.467583 16.502097 0.000000
1.464503 4.705918 0.000000
-0.076755 -0.117306 0.000000
32.568811 -35.959038 0.000000
7.128828 19.075788 0.000000
-15.205225 11.538471 0.000000
-17.390652 -66.469586 0.000000
29.115991 -7.139760 0.000000
0.869632 0.859838 0.000000
4.220287 -11.582315 0.000000
38.381548 -60.920592 0.000000
8.715346 -10.500590 0.000000
33.932370 -36.770802 0.000000
13.643231 -26.575647 0.000000
0.917068 70.877925 0.000000
53.632385 11.005147 0.000000
-4.652993 2.677542 0.000000
-9.653485 -42.715256 0.000000
0.596968 -1.334944 0.000000
-34.712342 40.567750 0.000000
-13.435466 0.046630 0.000000
26.775387 -35.371302 0.000000
-10.084962 12.965365 0.000000
11.127146 -2.447432 0.000000
-7.063192 11.568644 0.000000
24.177784 -1.388176 0.000000
18.215045 24.286215 0.000000
-20.003693 -29.265358 0.000000
-24.506706 -56.809121 0.000000
-6.268414 -11.307780 0.000000
1.797372 -16.421809 0.000000
-27.446623 8.234196 0.000000
3.915491 -11.874698 0.000000
-6.001659 3.330075 0.000000
32.150331 33.300241 0.000000
-7.274323 7.881959 0.000000
0.838929 -3.469067 0.000000
-34.292916 -25.912010 0.000000
32.203286 -61.228637 0.000000
9.341856 16.573300 0.000000
5.679405 -11.015240 0.000000
13.161967 -9.399428 0.000000
23.491989 26.868785 0.000000
5.312408 10.913696 0.000000
-19.333675 14.407048 0.000000
-0.467309 -23.612794 0.000000
21.708105 -10.651374 0.000000
7.749957 2.733556 0.000000
-15.014527 5.337786 0.000000
-0.386718 -2.840780 0.000000
-2.135144 4.743164 0.000000
21.035833 32.722486 0.000000
-3.492559 11.653864 0.000000
8.311420 -9.883974 0.000000
-11.880285 -0.607139 0.000000
4.109878 -16.608972 0.000000
-10.211876 7.778960 0.000000
-27.048676 -33.717456 0.000000
-1.571929 -0.615583 0.000000
-4.631883 2.491235 0.000000
-12.857376 13.889038 0.000000
0.618485 11.448797 0.000000
-22.722194 -26.238311 0.000000
9.022131 -10.652547 0.000000
13.022260 -28.198759 0.000000
0.516056 -12.878221 0.000000
-46.070985 9.918234 0.000000
-37.819452 15.807341 0.000000
30.698507 19.496933 0.000000
-5.686352 -4.143214 0.000000
4.945959 12.343949 0.000000
5.750418 -3.342682 0.000000
-0.245962 1.056860 0.000000
2.721828 23.700096 0.000000
-18.649126 9.549621 0.000000
11.637099 7.121729 0.000000
-9.911326 -29.133301 0.000000
-20.289998 -23.553808 0.000000
-20.202371 1.143622 0.000000
3.579577 8.868738 0.000000
-17.407038 -1.905487 0.000000
0.074765 1.228713 0.000000
-2.560690 -19.537448 0.000000
-12.388740 28.740860 0.000000
-1.405591 -8.635681 0.000000
49.028709 6.654973 0.000000
3.550021 -21.570981 0.000000
-8.035024 22.209094 0.000000
17.388288 4.860472 0.000000
-49.860371 62.476109 0.000000
-4.906608 -0.953029 0.000000
3.184111 -0.262929 0.000000
27.865523 18.451772 0.000000
25.947926 -5.674182 0.000000
-1.262441 0.672496 0.000000
-60.268555 -3.835562 0.000000
-0.700955 15.845961 0.000000
-1.460193 -1.912632 0.000000
5.988249 7.697359 0.000000
-1.747371 -21.979810 0.000000
65.401415 -4.937914 0.000000
-21.750681 -13.888525 0.000000
-25.336145 -4.609216 0.000000
-20.431614 22.907027 0.000000
-1.721538 0.260829 0.000000
-1.008112 -1.511334 0.000000
3.331829 -0.843801 0.000000
50.932758 -16.362413 0.000000
-0.600092 -0.500577 0.000000
6.903194 12.405555 0.000000
26.464006 3.646175 0.000000
-2.123961 4.275692 0.000000
22.918787 15.867946 0.000000
-62.045562 -27.247479 0.000000
17.634848 -4.500829 0.000000
-11.832304 -19.686091 0.000000
8.702168 -10.963815 0.000000
-21.125577 31.865296 0.000000
-10.749355 7.794747 0.000000
6.433458 0.263178 0.000000
20.627999 -20.932735 0.000000
6.011848 19.841099 0.000000
14.995868 -20.055934 0.000000
-0.416774 -0.002790 0.000000
3.419982 35.093642 0.000000
-17.880658 13.803446 0.000000
-14.653862 -8.287184 0.000000
14.538358 11.394255 0.000000
-20.305558 22.545008 0.000000
26.261979 -36.346188 0.000000
-16.127294 -13.253093 0.000000
-0.239872 4.218250 0.000000
41.871884 -25.691729 0.000000
-10.266141 -7.426598 0.000000
3.710456 -7.732413 0.000000
-24.610111 42.797991 0.000000
-1.649107 2.097067 0.000000
-15.430470 -30.695214 0.000000
9.768017 21.649582 0.000000
32.495561 -3.787016 0.000000
38.360858 30.050557 0.000000
13.708787 -0.934984 0.000000
37.421778 8.892133 0.000000
16.744820 -5.204479 0.000000
-15.152696 73.246891 0.000000
-20.121315 9.399577 0.000000
20.149191 12.091760 0.000000
2.284922 -15.734892 0.000000
-15.531098 33.928479 0.000000
-4.267733 -0.690683 0.000000
-20.978039 17.632706 0.000000
-2.123437 -6.938161 0.000000
-8.710163 -24.563515 0.000000
64.380822 -13.396820 0.000000
10.311211 8.024497 0.000000
19.561962 18.137577 0.000000
-16.567339 -26.492953 0.000000
4.432078 -27.370298 0.000000
6.532695 -1.642131 0.000000
-0.372207 0.198522 0.000000
2.305000 1.112448 0.000000
0.735974 -0.761917 0.000000
3.393569 4.955909 0.000000
-15.656249 -17.267764 0.000000
-25.440848 8.352103 0.000000
-37.447292 4.489591 0.000000
17.002082 -24.133443 0.000000
-74.038963 -46.490536 0.000000
30.357792 14.010352 0.000000
-3.776341 4.729039 0.000000
0.318285 -0.925081 0.000000
-10.944718 2.530896 0.000000
-56.131832 8.686795 0.000000
-12.739515 0.497808 0.000000
30.301107 26.657385 0.000000
0.080947 0.078077 0.000000
-3.244193 -24.759603 0.000000
-7.374026 -33.170914 0.000000
-3.400934 -28.626990 0.000000
1.451209 0.835937 0.000000
12.543478 -4.519197 0.000000
-11.550969 -11.486784 0.000000
-0.904567 1.258660 0.000000
29.899271 24.947054 0.000000
-16.659242 -3.326500 0.000000
-12.821835 -55.703111 0.000000
-11.302266 -37.548171 0.000000
6.458913 -3.039178 0.000000
-1.274042 -1.863562 0.000000
-21.103518 1.848012 0.000000
-22.827122 -30.923809 0.000000
27.585208 -18.020126 0.000000
25.488517 2.731398 0.000000
4.184526 40.207508 0.000000
-6.532320 -27.353963 0.000000
7.368406 -12.478319 0.000000
-30.541270 -0.407840 0.000000
-0.902280 8.486233 0.000000
44.995141 19.198176 0.000000
2.483073 -9.715754 0.000000
5.251611 -5.252319 0.000000
-1.020062 0.311134 0.000000
3.591625 -9.448088 0.000000
14.387988 -0.135850 0.000000
-6.853987 5.468560 0.000000
9.764263 16.759245 0.000000
-0.817863 1.072575 0.000000
-1.006585 -11.919960 0.000000
-37.648876 25.920223 0.000000
8.039910 9.742861 0.000000
-0.431290 -5.086274 0.000000
18.399976 -9.576335 0.000000
-17.994684 28.892172 0.000000
-63.053884 -15.556874 0.000000
-22.778680 -8.624356 0.000000
-6.564647 8.888167 0.000000
19.431122 -14.366421 0.000000
8.913076 -12.783550 0.000000
-2.559387 19.991281 0.000000
-12.698040 -39.172795 0.000000
-10.072510 33.343703 0.000000
-35.871964 -6.602824 0.000000
0.033718 5.585180 0.000000
-1.742381 -3.193426 0.000000
-4.999219 -10.401149 0.000000
-1.358648 -9.482950 0.000000
6.695905 -12.478856 0.000000
-3.158379 -0.449403 0.000000
37.564912 20.687659 0.000000
0.925384 -25.121468 0.000000
4.262167 -7.253166 0.000000
11.237586 -13.767476 0.000000
-37.063852 19.402987 0.000000
-23.384172 -24.423284 0.000000
20.793746 9.483116 0.000000
12.932441 -4.757370 0.000000
-3.906527 1.799729 0.000000
-9.320611 10.362220 0.000000
-2.016200 -11.969379 0.000000
0.678316 -33.659037 0.000000
20.391538 -20.840754 0.000000
-0.252420 0.926465 0.000000
-14.431375 20.233865 0.000000
8.372258 -20.364088 0.000000
6.707266 32.791275 0.000000
0.379487 1.780588 0.000000
-1.656181 -30.203163 0.000000
-17.579026 -42.808573 0.000000
11.054151 -34.667740 0.000000
9.302346 9.666495 0.000000
-19.406985 -13.915392 0.000000
-30.777148 3.620550 0.000000
-13.084307 6.646451 0.000000
-18.014233 -2.156760 0.000000
-0.440867 5.559984 0.000000
14.339010 5.680281 0.000000
-22.339437 -16.781891 0.000000
-0.787056 0.016603 0.000000
-21.804194 -26.818434 0.000000
13.862179 -54.694794 0.000000
40.090697 27.812622 0.000000
-5.413913 32.354571 0.000000
2.471537 -15.173193 0.000000
-44.305395 -23.935336 0.000000
18.672740 -55.624497 0.000000
1.127413 -0.820859 0.000000
-4.680302 4.056123 0.000000
-4.789975 4.768219 0.000000
-0.155471 0.136690 0.000000
17.457440 1.281607 0.000000
1.808802 -2.824052 0.000000
4.884765 -4.589426 0.000000
-2.406931 9.102848 0.000000
14.820728 -34.673674 0.000000
-1.102022 -6.344844 0.000000
-13.083339 -30.164059 0.000000
18.751161 3.643967 0.000000
23.157343 -15.854564 0.000000
45.645765 41.323538 0.000000
36.175780 -12.217795 0.000000
0.552828 15.533553 0.000000
36.742804 -10.168337 0.000000
10.606489 18.503788 0.000000
-6.118540 14.696997 0.000000
-5.970134 -8.661122 0.000000
-36.798286 -0.425719 0.000000
-0.995093 -2.846708 0.000000
31.019788 -18.039920 0.000000
6.964849 5.628406 0.000000
-28.717666 -7.676998 0.000000
-53.640802 25.498448 0.000000
-0.715031 0.588090 0.000000
-3.568997 -16.918808 0.000000
-8.905538 24.927301 0.000000
11.595184 2.956869 0.000000
5.327828 -3.399540 0.000000
-16.254492 2.925811 0.000000
-12.184575 -57.959733 0.000000
-67.928162 -12.729437 0.000000
6.506714 -9.211177 0.000000
-20.397499 0.210022 0.000000
15.587716 27.542702 0.000000
-9.481438 -0.219391 0.000000
53.944645 51.902589 0.000000
-9.085898 26.633298 0.000000
2.768520 0.768538 0.000000
-6.561243 -10.438534 0.000000
47.792478 26.605619 0.000000
7.201115 18.486726 0.000000
-3.254203 -18.207112 0.000000
-19.311008 -13.828334 0.000000
-1.190318 8.824038 0.000000
-12.342773 -44.123655 0.000000
-12.480647 -10.143423 0.000000
-14.777335 -39.081647 0.000000
10.283467 -27.711525 0.000000
-3.095619 4.305518 0.000000
-27.700520 -23.426985 0.000000
-8.092811 15.094319 0.000000
-0.960651 -1.866815 0.000000
-0.959156 0.837805 0.000000
4.679271 6.266279 0.000000
5.571894 -29.612784 0.000000
1.236197 3.166974 0.000000
14.092923 5.201982 0.000000
-20.224965 -8.537241 0.000000
54.917291 -23.467071 0.000000
23.041237 -11.683801 0.000000
-1.003388 25.927328 0.000000
-0.640415 -5.014060 0.000000
-15.203212 9.005389 0.000000
-35.489016 20.023933 0.000000
-7.908503 -15.866532 0.000000
-17.223209 4.622580 0.000000
-12.958847 -30.653422 0.000000
2.015382 1.111713 0.000000
-11.430274 -1.302043 0.000000
1.336689 36.669072 0.000000
-15.330401 -12.467919 0.000000
2.681316 -8.364940 0.000000
10.485837 -35.127802 0.000000
18.518729 -12.137622 0.000000
2.125506 -11.014495 0.000000
-10.546287 39.451464 0.000000
12.023870 6.484949 0.000000
8.376532 -7.675001 0.000000
7.426284 -37.767070 0.000000
43.197082 -12.929766 0.000000
-0.186510 -5.193196 0.000000
-25.883658 -14.935530 0.000000
-8.565626 33.237529 0.000000
10.148792 16.803181 0.000000
-2.119860 3.709938 0.000000
5.022529 28.154281 0.000000
24.528263 -7.458469 0.000000
-3.930455 -15.445419 0.000000
-9.729884 11.194249 0.000000
-36.050916 37.424496 0.000000
-25.201625 14.038496 0.000000
0.079368 -1.768836 0.000000
11.951560 -3.070474 0.000000
-21.709532 -6.582455 0.000000
27.025420 -7.996927 0.000000
-5.013286 10.266587 0.000000
6.105759 15.659436 0.000000
-0.941299 14.336836 0.000000
-26.859521 4.519221 0.000000
0.379733 -2.421491 0.000000
-37.325466 28.613242 0.000000
18.578094 36.483902 0.000000
41.954384 20.688168 0.000000
39.006687 -20.028793 0.000000
-0.449935 -7.919168 0.000000
23.724835 -1.571525 0.000000
17.991339 6.396198 0.000000
-25.024025 18.203153 0.000000
2.390117 -16.052366 0.000000
3.526393 18.099037 0.000000
2.719216 3.724279 0.000000
0.477883 -0.194447 0.000000
58.325627 4.488865 0.000000
-28.587527 -15.298405 0.000000
17.329510 -49.533503 0.000000
7.996201 17.575756 0.000000
-33.113274 15.007760 0.000000
-11.267146 -2.874783 0.000000
-26.931854 18.799725 0.000000
22.995479 0.926772 0.000000
15.838689 -34.867442 0.000000
0.304436 0.297103 0.000000
-0.053411 1.070756 0.000000
-11.086087 -14.155492 0.000000
1.599412 -2.620508 0.000000
-2.230685 2.508304 0.000000
0.516267 -1.686420 0.000000
64.562350 7.218892 0.000000
-13.279732 9.378694 0.000000
-2.248971 -31.080471 0.000000
-2.004391 -8.682477 0.000000
5.737864 -4.893720 0.000000
-13.857837 -14.538307 0.000000
1.323067 -4.107668 0.000000
32.901733 2.209963 0.000000
3.470511 -10.673906 0.000000
-6.057528 -8.364603 0.000000
-9.134880 -22.475643 0.000000
-19.641583 47.484979 0.000000
2.043738 -3.515563 0.000000
-23.568887 -6.210231 0.000000
6.619831 -8.178943 0.000000
-6.439613 0.759298 0.000000
3.184186 8.101496 0.000000
-2.512077 9.431522 0.000000
1.671055 -33.354100 0.000000
2.599182 -23.365699 0.000000
8.534621 15.168668 0.000000
-12.308074 10.121638 0.000000
2.754826 18.023994 0.000000
-5.530183 -57.414661 0.000000
-6.975329 -0.605776 0.000000
-0.187417 -22.745566 0.000000
-25.279285 -21.899678 0.000000
13.703044 8.458662 0.000000
33.991443 -3.930356 0.000000
4.054027 3.967888 0.000000
53.543032 61.047857 0.000000
-12.028115 -0.123450 0.000000
44.874061 22.584307 0.000000
-20.985816 -39.341882 0.000000
16.094327 -3.186910 0.000000
6.022366 -31.511076 0.000000
-41.897145 32.915192 0.000000
5.360355 -20.473004 0.000000
-7.034231 -1.476593 0.000000
25.528830 -7.698021 0.000000
18.078461 -7.164890 0.000000
60.216708 33.101986 0.000000
-16.971254 -8.042981 0.000000
-2.871693 -0.871108 0.000000
2.567312 -21.056777 0.000000
-1.502961 -6.705532 0.000000
-19.040565 -4.344979 0.000000
0.012924 -35.730463 0.000000
12.464185 -40.712071 0.000000
13.438986 7.784830 0.000000
1.230229 -23.716809 0.000000
1.894309 -0.059670 0.000000
1.661891 14.234991 0.000000
23.656077 34.943740 0.000000
17.588040 26.259533 0.000000
-12.686670 2.132000 0.000000
-3.455993 -11.506731 0.000000
-1.526611 0.607280 0.000000
-11.163325 -2.671947 0.000000
10.902607 40.130559 0.000000
2.805078 -0.447041 0.000000
-11.924263 -3.875907 0.000000
-42.803612 21.003916 0.000000
-23.678839 -39.083795 0.000000
19.441525 0.891641 0.000000
15.409387 -4.792765 0.000000
23.517727 -22.186752 0.000000
31.764751 -34.867105 0.000000
-31.421541 -15.042540 0.000000
60.857374 -3.051446 0.000000
5.820649 7.011768 0.000000
7.102705 -7.372343 0.000000
23.057985 -5.289838 0.000000
13.505908 -43.498804 0.000000
-0.322104 6.596671 0.000000
5.546154 -1.292745 0.000000
2.733782 19.284157 0.000000
39.764941 -28.733066 0.000000
-8.566813 -8.240659 0.000000
-3.785351 20.135860 0.000000
1.543259 7.091407 0.000000
-6.315655 2.981197 0.000000
36.229664 42.817799 0.000000
5.945459 -36.843247 0.000000
6.869454 7.253769 0.000000
-38.520189 30.701017 0.000000
16.876619 -25.562598 0.000000
-12.004871 3.608760 0.000000
55.410123 -38.681620 0.000000
-10.785725 12.263014 0.000000
-12.750462 24.753481 0.000000
-1.893187 -1.003257 0.000000
34.450086 10.088812 0.000000
25.902710 44.765807 0.000000
-0.137700 13.067511 0.000000
-2.477382 -35.971864 0.000000
28.457943 24.174904 0.000000
4.604282 -0.349551 0.000000
0.196662 -0.428231 0.000000
-32.198489 -19.450544 0.000000
-11.636875 -11.129411 0.000000
-3.701424 3.595906 0.000000
-56.900264 51.372317 0.000000
13.940012 -7.931231 0.000000
14.475638 -9.738759 0.000000
5.987302 1.364969 0.000000
-12.615317 22.821932 0.000000
44.775503 17.319161 0.000000
-3.632144 0.540107 0.000000
-12.994495 7.118436 0.000000
-0.526217 0.895392 0.000000
-12.255144 26.814427 0.000000
-74.757377 -15.055811 0.000000
-11.588973 -2.415240 0.000000
17.234444 -27.622663 0.000000
2.363654 7.957333 0.000000
-39.251637 29.925356 0.000000
3.363712 -9.049651 0.000000
-13.976089 -18.840575 0.000000
4.323207 -10.045044 0.000000
27.303635 7.200439 0.000000
5.032637 5.156147 0.000000
32.782812 7.243096 0.000000
-9.063844 -10.562685 0.000000
-50.397588 -7.327897 0.000000
36.863936 -19.295611 0.000000
4.750645 11.377343 0.000000
-25.723511 21.491068 0.000000
18.059561 -25.213003 0.000000
15.800274 -10.424720 0.000000
3.304860 19.394427 0.000000
23.051824 -0.642644 0.000000
7.078331 29.739011 0.000000
10.015387 25.595318 0.000000
-10.733354 -13.470034 0.000000
6.565450 -10.132001 0.000000
0.003197 -3.907831 0.000000
-4.202433 -27.238560 0.000000
-9.843905 -42.802322 0.000000
0.663931 3.751058 0.000000
-54.933293 62.793762 0.000000
-22.538076 -11.720197 0.000000
23.773104 -3.403917 0.000000
7.521505 19.840346 0.000000
1.862380 -7.087353 0.000000
0.656868 -35.286640 0.000000
7.997952 -8.369293 0.000000
-17.640254 -6.514096 0.000000
23.650309 -21.057234 0.000000
-4.007855 -0.106258 0.000000
-4.452007 0.700017 0.000000
-0.084841 -3.203819 0.000000
12.306343 29.840196 0.000000
-18.959483 -6.573456 0.000000
-2.533105 54.891405 0.000000
-14.051588 -16.120805 0.000000
-25.079561 6.852126 0.000000
28.098659 -36.483475 0.000000
19.023119 1.350569 0.000000
-1.343219 -17.921865 0.000000
-8.923883 10.134184 0.000000
-29.791794 -23.165933 0.000000
-40.115257 25.938770 0.000000
-3.464799 1.710564 0.000000
4.304816 -11.990538 0.000000
-42.835405 -21.875939 0.000000
-0.297554 -5.610130 0.000000
2.052267 -0.020102 0.000000
0.854969 2.150788 0.000000
-13.187824 -15.541473 0.000000
2.183931 -1.991930 0.000000
-3.490709 4.164590 0.000000
3.354469 -9.229269 0.000000
-1.149509 -1.722421 0.000000
-3.097139 -0.675311 0.000000
22.598925 3.919355 0.000000
2.943980 2.545425 0.000000
-11.506442 19.037270 0.000000
38.240250 0.359301 0.000000
-5.517452 3.672591 0.000000
-21.804364 -11.315999 0.000000
9.142260 23.001902 0.000000
8.401243 -5.448550 0.000000
2.730306 -14.400765 0.000000
-13.011971 -15.478710 0.000000
13.224483 51.901579 0.000000
11.456407 -3.764994 0.000000
-12.620672 -25.459679 0.000000
17.608251 9.842747 0.000000
-3.796964 -22.590398 0.000000
-0.572743 -0.122776 0.000000
0.711317 -1.081975 0.000000
16.681817 0.733720 0.000000
-9.007254 9.264488 0.000000
-3.598524 -15.302729 0.000000
-1.636496 16.103336 0.000000
13.430511 46.983274 0.000000
-8.999630 12.451061 0.000000
4.161672 14.240209 0.000000
-22.220793 -38.569294 0.000000
-52.914411 19.992902 0.000000
13.595396 -8.775852 0.000000
1.720601 -19.580341 0.000000
-6.461063 22.750281 0.000000
5.597023 7.470479 0.000000
14.387819 -3.151671 0.000000
1.292869 6.797701 0.000000
-43.263536 22.539232 0.000000
-11.754480 6.349611 0.000000
-4.514907 1.843881 0.000000
12.213636 2.438777 0.000000
-0.606878 0.530644 0.000000
-24.085288 18.924076 0.000000
-22.650606 -27.399076 0.000000
34.077233 -24.133146 0.000000
47.229091 41.597318 0.000000
14.379261 -14.440602 0.000000
-5.329902 25.271721 0.000000
1.375060 21.010085 0.000000
39.654132 12.764677 0.000000
-17.002225 -10.039428 0.000000
-4.340147 -10.950079 0.000000
-37.986613 -13.333121 0.000000
23.623379 18.831327 0.000000
-4.700445 6.501481 0.000000
-17.342693 -10.180017 0.000000
4.604189 30.692692 0.000000
22.217255 43.039423 0.000000
0.720746 -7.592910 0.000000
0.017739 0.219161 0.000000
-25.542366 21.948374 0.000000
26.109688 -4.103364 0.000000
-13.003048 46.584161 0.000000
2.152373 -3.295789 0.000000
0.326826 -1.461523 0.000000
21.194443 47.382021 0.000000
2.623665 -3.075904 0.000000
-6.575531 -3.189477 0.000000
-16.150869 -4.712690 0.000000
-5.787785 -19.641286 0.000000
-8.710169 -8.534498 0.000000
37.159120 -15.455592 0.000000
-32.394756 10.625450 0.000000
1.843595 -1.703499 0.000000
-17.720292 -32.527243 0.000000
-36.008947 -5.791265 0.000000
30.737221 -34.769170 0.000000
7.460354 -57.438197 0.000000
3.915508 -3.393018 0.000000
6.000526 -6.723426 0.000000
-12.989236 11.195407 0.000000
8.817541 -23.250129 0.000000
19.302625 -30.079932 0.000000
16.421626 0.292010 0.000000
3.001889 1.439064 0.000000
11.563289 -2.595842 0.000000
48.061817 -15.772821 0.000000
4.199656 -8.548118 0.000000
7.971335 5.782862 0.000000
4.719339 -9.359528 0.000000
-3.413470 -10.297938 0.000000
50.865024 -12.668365 0.000000
49.500728 -5.383720 0.000000
-3.910919 -3.687648 0.000000
7.666230 -1.922259 0.000000
-29.543093 14.255595 0.000000
-10.101015 -8.677361 0.000000
-22.882313 -67.124857 0.000000
6.067049 -6.598371 0.000000
-28.141857 45.696762 0.000000
27.242812 85.030623 0.000000
23.478843 -17.286254 0.000000
33.174682 3.142531 0.000000
-3.079433 -24.181445 0.000000
-6.015875 27.577819 0.000000
1.387319 34.293718 0.000000
-10.263646 22.059672 0.000000
-31.138188 -20.126481 0.000000
-6.080020 59.730497 0.000000
45.832657 6.664839 0.000000
2.077890 -11.326389 0.000000
3.055139 -0.797966 0.000000
14.884869 -21.993791 0.000000
0.211014 -7.008167 0.000000
66.097768 -4.330598 0.000000
9.601199 -1.944738 0.000000
1.447538 -20.543833 0.000000
-28.086114 -39.136163 0.000000
-18.652849 -31.603715 0.000000
-1.332421 -2.905651 0.000000
-10.096604 4.523446 0.000000
9.602587 -6.948513 0.000000
-9.034992 8.465482 0.000000
-5.888139 21.096723 0.000000
-18.167551 9.184132 0.000000
-0.411755 0.149875 0.000000
-26.226673 52.490740 0.000000
3.877541 22.241733 0.000000
-19.538884 48.705730 0.000000
18.298410 -41.336538 0.000000
-0.809374 -3.254712 0.000000
8.526303 17.993628 0.000000
-0.474732 0.095954 0.000000
15.592089 6.418952 0.000000
31.098721 19.762195 0.000000
12.485818 6.568414 0.000000
-13.235650 6.229123 0.000000
-0.161281 0.164796 0.000000
8.518437 26.469987 0.000000
12.880447 1.862630 0.000000
6.943892 14.824127 0.000000
-16.974999 8.079254 0.000000
1.645601 -0.805588 0.000000
-11.025145 17.498499 0.000000
7.926759 1.391563 0.000000
-20.187515 35.062138 0.000000
16.696148 -10.285028 0.000000
-45.422345 -24.663096 0.000000
2.868356 -6.529660 0.000000
19.651498 -20.499760 0.000000
3.258554 10.455382 0.000000
-11.443564 8.284334 0.000000
-6.006600 -3.366742 0.000000
-0.219630 0.634744 0.000000
-8.204759 26.432635 0.000000
3.015301 15.726138 0.000000
9.179036 0.337104 0.000000
-64.888209 -5.175888 0.000000
68.542520 16.454493 0.000000
-36.684786 -50.601329 0.000000
16.490387 5.504972 0.000000
-5.707272 -11.454439 0.000000
-16.715058 -10.544606 0.000000
0.921868 2.114224 0.000000
-10.744093 28.126965 0.000000
1.385639 -1.988361 0.000000
24.195237 3.913449 0.000000
-24.675565 20.439460 0.000000
37.309279 -20.361211 0.000000
5.221838 2.514928 0.000000
-2.870899 -4.993876 0.000000
-27.002340 -29.579710 0.000000
-2.370780 -10.150146 0.000000
4.630583 2.408386 0.000000
0.377951 2.208487 0.000000
-20.934627 32.408217 0.000000
-23.361284 -19.566299 0.000000
2.286742 2.714701 0.000000
2.409846 4.172287 0.000000
12.678605 -7.417526 0.000000
-0.090246 -0.001928 0.000000
-4.379441 52.450597 0.000000
-9.987350 11.479761 0.000000
9.494668 -8.077947 0.000000
2.744926 11.277430 0.000000
8.817809 -37.697341 0.000000
10.232996 -5.643238 0.000000
-36.868519 23.084637 0.000000
3.140176 -1.369562 0.000000
28.056496 -17.230606 0.000000
2.704274 2.453545 0.000000
-11.648553 45.087575 0.000000
-9.460547 0.873573 0.000000
-14.887953 2.691866 0.000000
31.525558 -33.916802 0.000000
-0.020290 3.902764 0.000000
15.696187 12.338802 0.000000
1.976769 -0.475011 0.000000
-22.808493 4.598809 0.000000
-33.916019 -13.236249 0.000000
-11.958708 -39.809827 0.000000
-2.917886 -59.829945 0.000000
-12.116522 5.075915 0.000000
-0.762420 -5.276075 0.000000
-3.026390 -17.905911 0.000000
54.049281 -17.886413 0.000000
25.321483 12.421026 0.000000
0.059697 0.065723 0.000000
6.891286 11.233031 0.000000
-4.518883 13.744587 0.000000
-13.048199 18.836649 0.000000
-16.323240 4.467530 0.000000
22.654730 13.314887 0.000000
-10.768503 0.969353 0.000000
-9.832697 15.032578 0.000000
2.706918 -6.781359 0.000000
20.035974 2.514955 0.000000
-36.946935 -31.227854 0.000000
42.080126 -5.703480 0.000000
33.276250 31.258199 0.000000
-32.384503 -3.459455 0.000000
-9.192737 -9.910575 0.000000
-4.160327 -16.004216 0.000000
-1.329405 18.990200 0.000000
-11.491306 -4.616934 0.000000
-1.048051 -4.709094 0.000000
-19.741429 5.227318 0.000000
-6.305440 -0.319803 0.000000
14.306673 -14.057890 0.000000
-21.354578 97.693306 0.000000
2.669945 5.464918 0.000000
26.529055 -7.627791 0.000000
34.523275 -41.521099 0.000000
-6.081123 6.528821 0.000000
-11.731146 30.025541 0.000000
7.094951 -6.050539 0.000000
0.025446 -0.000368 0.000000
0.905076 -4.778165 0.000000
16.527395 25.526385 0.000000
-50.564285 26.579904 0.000000
-7.485814 12.833184 0.000000
-10.665444 -9.185711 0.000000
-1.014700 -2.746382 0.000000
-47.185909 10.216963 0.000000
0.161201 0.339296 0.000000
4.818294 -6.913443 0.000000
-25.648156 21.587819 0.000000
-15.578611 -38.916690 0.000000
2.939024 -11.889781 0.000000
-23.872490 24.549580 0.000000
-0.080889 -0.186266 0.000000
2.634065 2.617877 0.000000
-18.800058 -5.841684 0.000000
15.190361 -0.255555 0.000000
22.198274 -20.928437 0.000000
3.961874 -6.125163 0.000000
-16.036652 -47.570001 0.000000
6.115582 22.669858 0.000000
-17.501645 -3.342369 0.000000
-8.544809 -4.549107 0.000000
57.839232 4.738893 0.000000
-6.883106 -24.240130 0.000000
-14.695485 -5.439167 0.000000
-8.411371 8.111004 0.000000
-8.832618 12.297593 0.000000
28.466388 -0.785222 0.000000
-2.893523 8.624827 0.000000
-55.960025 -4.363290 0.000000
-9.850413 -41.050882 0.000000
42.561987 -1.076494 0.000000
-17.261719 -32.834702 0.000000
16.985720 24.632921 0.000000
45.804178 27.363255 0.000000
-1.069795 5.175140 0.000000
11.227873 -24.389771 0.000000
-20.827994 -20.777792 0.000000
-8.338508 19.083962 0.000000
1.445179 -0.619986 0.000000
-5.676233 -8.991242 0.000000
16.056415 -13.689563 0.000000
-19.113054 -46.686071 0.000000
-15.420927 6.622124 0.000000
-31.272474 -11.775995 0.000000
-7.635018 12.016460 0.000000
37.002531 14.132546 0.000000
-1.426487 0.711198 0.000000
39.454341 47.321859 0.000000
-0.434294 0.700699 0.000000
-34.505845 1.856906 0.000000
23.082856 -28.369799 0.000000
-1.933787 -0.605106 0.000000
5.906498 26.949082 0.000000
-2.771439 -7.996645 0.000000
-1.955559 10.103849 0.000000
-5.716193 7.547041 0.000000
-7.629512 17.333081 0.000000
9.740261 3.245155 0.000000
-29.318011 -48.557992 0.000000
-5.570877 -9.595481 0.000000
-14.828791 30.659587 0.000000
-12.681750 -22.716546 0.000000
9.418090 1.443347 0.000000
4.960081 3.958640 0.000000
4.281527 18.507342 0.000000
6.259696 -1.426651 0.000000
-12.125030 -4.515595 0.000000
-1.884419 7.775149 0.000000
-15.455117 6.624915 0.000000
-12.043073 -15.031326 0.000000
46.410869 -24.870941 0.000000
1.764005 10.330938 0.000000
9.168698 -0.781622 0.000000
16.704721 -5.220199 0.000000
3.793677 47.668667 0.000000
3.928901 7.409215 0.000000
-8.750424 -14.118480 0.000000
25.426349 17.795087 0.000000
-32.931803 -20.560027 0.000000
-1.167207 -8.988888 0.000000
9.961179 -1.136005 0.000000
-1.006446 9.981290 0.000000
-2.685739 44.150206 0.000000
-3.055923 -3.037889 0.000000
16.528906 -4.516404 0.000000
1.817904 -2.518399 0.000000
-1.967275 9.623811 0.000000
-1.419030 -22.676061 0.000000
14.965935 8.054180 0.000000
-0.947809 0.965887 0.000000
7.361112 2.425649 0.000000
-22.562398 -25.539368 0.000000
-51.523001 37.060993 0.000000
-4.895407 15.883819 0.000000
-1.397526 0.975799 0.000000
4.704667 -0.174910 0.000000
-38.122595 37.702614 0.000000
38.443107 21.817864 0.000000
2.574660 -1.987711 0.000000
15.400842 -17.333575 0.000000
-56.733566 -7.493209 0.000000
-29.073533 -31.553656 0.000000
1.079213 -0.905777 0.000000
-2.192891 7.432146 0.000000
-35.952074 -3.985404 0.000000
-26.789121 3.385930 0.000000
2.070628 -2.497012 0.000000
-18.749068 7.226389 0.000000
-29.407889 -2.645520 0.000000
-27.947986 1.052327 0.000000
-4.865341 2.211462 0.000000
21.409861 -6.087252 0.000000
1.407265 -0.452263 0.000000
-4.156340 -29.695430 0.000000
-12.033632 5.497009 0.000000
-28.799451 9.453774 0.000000
10.872013 -18.616646 0.000000
-0.730905 -1.078685 0.000000
-18.472636 -14.791870 0.000000
-22.934389 -41.982793 0.000000
8.437911 -2.899797 0.000000
-27.242451 15.276130 0.000000
4.178054 -28.849400 0.000000
8.324512 14.622356 0.000000
2.745658 -3.660889 0.000000
-4.288718 2.246229 0.000000
1.040706 -38.708715 0.000000
-23.742211 1.701102 0.000000
-16.837053 10.400618 0.000000
-7.329285 -0.948850 0.000000
6.933834 -1.613351 0.000000
-8.802622 -20.575915 0.000000
-7.386400 -9.154676 0.000000
-8.302804 0.119618 0.000000
2.540474 -10.138991 0.000000
1.421435 -6.243730 0.000000
-24.836291 -18.102695 0.000000
22.483624 -17.703960 0.000000
-0.263049 -13.668960 0.000000
-18.159743 -5.794588 0.000000
64.812776 -24.771856 0.000000
-0.942992 8.921284 0.000000
-16.861161 -16.120947 0.000000
-2.472235 0.574655 0.000000
9.848932 -25.900150 0.000000
-36.759916 -9.654807 0.000000
25.599368 6.946409 0.000000
4.105936 -35.232064 0.000000
-13.563836 1.253354 0.000000
-10.627665 29.810150 0.000000
18.799786 24.528036 0.000000
-0.477592 -2.914818 0.000000
-0.486090 3.021656 0.000000
-6.277409 -14.349307 0.000000
-1.827467 13.756416 0.000000
16.600611 7.460222 0.000000
-1.564388 69.258418 0.000000
-9.260078 -54.013814 0.000000
19.272659 -32.767356 0.000000
-0.007579 -0.019412 0.000000
-14.365618 -6.471974 0.000000
-3.037491 -7.256980 0.000000
-60.088867 -25.178662 0.000000
-21.204582 -15.851920 0.000000
-11.635395 31.928837 0.000000
-0.628135 -5.665110 0.000000
-7.772230 1.866865 0.000000
-49.186691 -7.145677 0.000000
55.473328 63.094373 0.000000
7.352425 -8.808783 0.000000
9.915858 43.782374 0.000000
52.240202 -3.764059 0.000000
19.509321 -4.833890 0.000000
-0.120264 -41.069855 0.000000
-22.204542 1.947475 0.000000
-10.018779 -10.685467 0.000000
0.257330 -1.400545 0.000000
9.788340 12.179267 0.000000
0.058609 -0.112224 0.000000
20.166128 -12.711639 0.000000
5.217719 14.902824 0.000000
7.985623 9.295274 0.000000
-3.859001 2.903029 0.000000
19.324448 0.782055 0.000000
4.083485 37.113040 0.000000
-0.794686 0.114422 0.000000
22.894834 24.410028 0.000000
-1.575964 -0.486462 0.000000
-28.025930 -14.778980 0.000000
3.621785 -14.244704 0.000000
-7.333644 38.217587 0.000000
0.556547 -1.069776 0.000000
0.166204 -15.717136 0.000000
-6.193011 4.935538 0.000000
-5.354591 17.877550 0.000000
1.390931 -21.788823 0.000000
-24.002128 14.285509 0.000000
10.053693 -15.012650 0.000000
4.140616 26.000681 0.000000
-0.984464 -13.992294 0.000000
-8.851604 -34.616810 0.000000
-33.944415 4.611810 0.000000
-13.347245 -11.947315 0.000000
-0.301762 -9.337402 0.000000
1.309650 3.725889 0.000000
-15.286967 -1.112280 0.000000
16.141898 -61.655075 0.000000
-33.372506 65.780781 0.000000
1.560015 27.440218 0.000000
33.753928 -5.651373 0.000000
-16.645801 6.255050 0.000000
40.349601 28.059993 0.000000
-34.949273 -3.335872 0.000000
-11.086733 -8.940572 0.000000
26.061110 21.831134 0.000000
-11.732479 12.342339 0.000000
22.348919 22.960842 0.000000
5.279596 -14.672261 0.000000
-0.943945 -0.560377 0.000000
-5.291826 3.518901 0.000000
5.992684 1.172571 0.000000
-23.713390 23.852283 0.000000
-2.230541 15.712001 0.000000
2.222746 -4.808167 0.000000
2.055561 -24.444873 0.000000
-4.362667 -4.538636 0.000000
30.679546 -3.318564 0.000000
15.980490 4.859279 0.000000
-38.978731 41.318642 0.000000
-13.110563 2.909513 0.000000
3.956576 0.652851 0.000000
-16.630240 31.804062 0.000000
-11.392056 0.236130 0.000000
2.485997 27.975833 0.000000
24.728175 -7.904937 0.000000
17.809711 -50.332299 0.000000
-33.196773 -13.161331 0.000000
-10.260681 -21.655155 0.000000
19.475750 -16.501340 0.000000
-5.418999 -16.880151 0.000000
-22.721546 -35.517551 0.000000
17.091864 17.746878 0.000000
-49.988801 5.145004 0.000000
-13.907778 -3.829762 0.000000
18.748177 -32.918595 0.000000
36.424791 -3.169739 0.000000
-11.076083 8.024720 0.000000
0.373109 -1.226522 0.000000
-20.574834 -11.262473 0.000000
-32.011093 62.828534 0.000000
-20.904988 -2.113450 0.000000
-1.448098 -0.344515 0.000000
2.612761 -2.230221 0.000000
-27.642747 61.632034 0.000000
-24.472474 -20.597457 0.000000
-12.814956 -1.834934 0.000000
-10.873452 19.331164 0.000000
5.551075 16.498292 0.000000
3.506278 -1.415004 0.000000
46.816473 -18.253471 0.000000
-12.174914 -5.528187 0.000000
-5.364039 11.559703 0.000000
-21.721793 20.595321 0.000000
2.071272 3.788318 0.000000
-10.218786 -0.325503 0.000000
-2.987686 -1.811678 0.000000
27.302575 17.682079 0.000000
6.813974 -5.731449 0.000000
5.506015 24.426574 0.000000
14.998364 -51.714207 0.000000
2.094764 9.663135 0.000000
-38.852637 17.790413 0.000000
0.480083 -1.927487 0.000000
87.596663 7.295859 0.000000
14.677241 -33.972795 0.000000
-12.785036 -2.679382 0.000000
1.536667 -4.917001 0.000000
-78.511544 -38.018587 0.000000
24.308297 -14.499746 0.000000
6.756581 -43.474439 0.000000
-27.797828 -11.347641 0.000000
5.147665 -2.903918 0.000000
-3.344966 -3.059332 0.000000
-25.168155 5.207212 0.000000
-11.369687 -16.661619 0.000000
0.970165 -0.289585 0.000000
-20.895027 18.627787 0.000000
6.866262 5.301959 0.000000
-8.836985 -7.315011 0.000000
-5.428354 1.338696 0.000000
5.499107 -5.236672 0.000000
-10.462477 0.942914 0.000000
-21.470369 -14.320610 0.000000
-31.323844 -22.127550 0.000000
6.150379 1.729031 0.000000
-2.255556 -1.746805 0.000000
8.833739 25.235203 0.000000
18.897233 16.154460 0.000000
13.633889 16.814105 0.000000
-31.373773 -25.091946 0.000000
0.407527 0.827729 0.000000
-22.641085 6.640294 0.000000
50.448526 21.110159 0.000000
27.753688 -44.179659 0.000000
19.684490 -21.539436 0.000000
3.597167 19.726179 0.000000
-2.447289 6.676899 0.000000
-25.673824 -5.629800 0.000000
-15.914174 -8.046439 0.000000
-1.878840 9.539504 0.000000
-56.252953 45.030920 0.000000
14.124091 -7.700533 0.000000
-8.210275 12.225908 0.000000
11.679521 -13.144820 0.000000
-14.318028 14.204811 0.000000
40.574225 25.053010 0.000000
-48.163503 -27.388677 0.000000
20.020870 9.290045 0.000000
13.533596 -4.539814 0.000000
9.281803 -13.236949 0.000000
11.901763 8.242764 0.000000
1.092858 24.785077 0.000000
22.982762 4.248345 0.000000
-5.771881 -10.868984 0.000000
3.230139 3.543710 0.000000
-51.280306 8.406572 0.000000
10.048173 -8.923107 0.000000
0.580873 0.384443 0.000000
24.851432 19.255477 0.000000
4.182016 6.747257 0.000000
1.435932 -4.560570 0.000000
22.469887 -9.256046 0.000000
22.309234 22.107652 0.000000
9.024883 10.890158 0.000000
-24.700258 13.311937 0.000000
10.286157 -15.717224 0.000000
28.421204 26.231732 0.000000
-14.968842 13.262407 0.000000
-30.071426 -24.718506 0.000000
-12.086563 -19.444307 0.000000
-9.748558 -15.210543 0.000000
27.489979 -24.446315 0.000000
32.199486 20.056213 0.000000
9.354320 -13.770313 0.000000
2.801109 2.036528 0.000000
9.439894 -3.108708 0.000000
2.930492 -5.432544 0.000000
-7.130714 -14.294179 0.000000
24.642570 30.257675 0.000000
-24.625163 -26.652678 0.000000
-12.106190 26.677664 0.000000
16.212076 -2.450922 0.000000
-3.638194 -0.843629 0.000000
1.267195 -25.764777 0.000000
-7.820152 -8.631739 0.000000
-1.222654 -1.135668 0.000000
1.889714 -19.499986 0.000000
8.979655 1.500374 0.000000
5.216230 6.078605 0.000000
-0.823040 -2.465199 0.000000
-1.808484 -2.548710 0.000000
-12.044638 9.010044 0.000000
25.774566 1.953300 0.000000
5.794655 -0.064955 0.000000
-1.995933 27.968896 0.000000
-25.400163 -10.682150 0.000000
8.470918 -5.362951 0.000000
-23.209661 -16.760036 0.000000
-13.655234 -4.035068 0.000000
-21.269973 -2.271200 0.000000
11.229666 7.063817 0.000000
20.058451 8.575143 0.000000
5.055633 -10.022202 0.000000
4.496853 7.858105 0.000000
-22.066516 -2.773464 0.000000
-0.834240 -1.493828 0.000000
24.479489 -15.367617 0.000000
51.767561 -6.069620 0.000000
-3.914032 -6.497076 0.000000
-29.331375 11.557861 0.000000
0.844735 1.265732 0.000000
-0.384891 -14.464896 0.000000
13.858793 -2.337783 0.000000
-11.540757 -5.837659 0.000000
21.770122 -4.487530 0.000000
64.645184 75.552656 0.000000
-20.398180 -2.875951 0.000000
-43.588405 29.695306 0.000000
-3.664857 -0.406926 0.000000
3.611929 3.621974 0.000000
1.257683 -1.099057 0.000000
-6.636563 30.519953 0.000000
-10.559263 -10.139452 0.000000
-0.490862 -16.689511 0.000000
33.530467 1.255940 0.000000
-14.656257 -16.283999 0.000000
-38.976912 10.942737 0.000000
-24.471998 -1.514696 0.000000
-49.195725 35.430716 0.000000
9.146318 0.315665 0.000000
-36.506570 12.253864 0.000000
18.840785 -5.323010 0.000000
3.461253 25.271712 0.000000
4.994857 -17.995028 0.000000
-11.208966 -34.401766 0.000000
9.048722 -61.527520 0.000000
-0.240818 -1.762021 0.000000
1.193601 0.169998 0.000000
6.361178 -23.964892 0.000000
40.668149 24.036174 0.000000
-17.531878 -0.741678 0.000000
3.112818 -3.834500 0.000000
-2.044140 2.592044 0.000000
-9.036394 -12.972266 0.000000
0.184114 -2.240116 0.000000
-20.498994 -10.279883 0.000000
-7.186510 41.454081 0.000000
13.480291 37.943764 0.000000
-17.233158 5.022094 0.000000
4.750053 -38.964231 0.000000
2.344950 16.023408 0.000000
-6.486825 3.692076 0.000000
5.241153 -50.014050 0.000000
-12.678886 41.375697 0.000000
3.882711 24.268726 0.000000
-1.197533 6.912502 0.000000
35.481990 42.466264 0.000000
32.544591 8.813215 0.000000
9.020833 -30.336303 0.000000
-8.165952 -2.943540 0.000000
1.952807 -5.106814 0.000000
-25.705200 1.307224 0.000000
16.993233 -10.774835 0.000000
13.452988 8.744618 0.000000
-2.630291 36.947323 0.000000
-0.255251 0.111604 0.000000
-4.221601 4.811986 0.000000
1.559863 13.120293 0.000000
46.771790 -55.804772 0.000000
-28.417242 -16.109665 0.000000
2.262475 10.933345 0.000000
0.424773 -0.941132 0.000000
25.024346 -52.763098 0.000000
-5.765150 -14.807511 0.000000
19.850887 0.726865 0.000000
-26.958141 12.359580 0.000000
-11.915849 -0.191407 0.000000
39.238442 32.089955 0.000000
-38.803299 7.556444 0.000000
13.639864 34.812956 0.000000
-1.270627 1.067783 0.000000
2.113928 -3.421902 0.000000
42.777138 -7.428493 0.000000
-10.613931 -2.704842 0.000000
7.278344 -23.129753 0.000000
12.775327 -8.030518 0.000000
-9.746341 -1.999757 0.000000
2.465204 4.446862 0.000000
-1.089395 28.355941 0.000000
-70.384211 -17.489287 0.000000
-56.158751 2.531562 0.000000
-3.411884 -9.577591 0.000000
-53.331763 8.508617 0.000000
-0.202412 -0.696886 0.000000
13.812549 -40.384999 0.000000
-8.035299 -17.467570 0.000000
2.913550 5.042464 0.000000
7.005255 -9.381097 0.000000
17.253883 -32.751828 0.000000
-23.844879 36.661817 0.000000
-0.007223 -0.877644 0.000000
9.936985 -1.532615 0.000000
31.793613 -17.683197 0.000000
-32.235310 33.343452 0.000000
3.718889 -6.881942 0.000000
-9.926128 -3.829854 0.000000
1.791036 -26.236927 0.000000
28.638406 -16.079051 0.000000
22.280105 -7.433567 0.000000
-41.578530 -2.997143 0.000000
46.714872 47.698220 0.000000
-14.521713 5.482988 0.000000
-5.638792 -1.647241 0.000000
-13.867233 18.154833 0.000000
-10.910962 -54.870356 0.000000
-7.105792 -4.839227 0.000000
15.910534 -34.260610 0.000000
0.639600 -0.505334 0.000000
10.933610 39.009162 0.000000
11.095999 -17.150725 0.000000
-5.164912 11.336254 0.000000
-15.462163 -31.838446 0.000000
-3.343666 -0.347172 0.000000
15.094765 -10.332753 0.000000
-2.118612 0.053246 0.000000
13.016365 -5.293787 0.000000
-17.021823 4.118469 0.000000
4.991770 23.746088 0.000000
-52.454674 17.272977 0.000000
-12.531353 38.675466 0.000000
11.733063 -16.779896 0.000000
45.698772 -5.364010 0.000000
16.999145 -37.058189 0.000000
-15.209801 5.655001 0.000000
12.024312 -24.061238 0.000000
7.149073 2.736594 0.000000
-9.557230 -14.411530 0.000000
4.568291 -0.209713 0.000000
-28.737043 1.652162 0.000000
1.758195 0.788708 0.000000
-23.396308 -7.976882 0.000000
5.172539 24.226385 0.000000
11.936324 -17.549662 0.000000
0.286187 -6.871507 0.000000
-14.669418 16.390694 0.000000
11.400583 15.786576 0.000000
5.018437 6.498307 0.000000
17.150556 -38.084811 0.000000
12.607287 -10.723590 0.000000
17.591993 59.287443 0.000000
-19.467560 4.784523 0.000000
24.406727 63.686339 0.000000
-14.733536 23.598159 0.000000
14.772467 38.715315 0.000000
-24.259641 3.274721 0.000000
3.378294 -6.461292 0.000000
-13.618819 -8.899726 0.000000
-21.998454 5.132910 0.000000
7.285326 7.089416 0.000000
21.655856 10.436686 0.000000
-39.924101 -10.982995 0.000000
-18.287237 -29.323715 0.000000
-2.586024 0.702496 0.000000
22.138712 -18.713482 0.000000
40.461955 -28.102278 0.000000
-6.759756 -12.073734 0.000000
18.358699 -8.007000 0.000000
-20.064930 5.123243 0.000000
13.490509 7.512878 0.000000
25.417540 -19.137070 0.000000
-0.750729 0.174870 0.000000
-30.380523 6.291770 0.000000
-9.695051 -18.120963 0.000000
4.361710 5.199357 0.000000
9.628886 6.091172 0.000000
-12.382811 18.736848 0.000000
6.284261 -1.003520 0.000000
1.596908 -15.608664 0.000000
1.162426 0.151002 0.000000
9.591656 -23.358740 0.000000
15.818321 -6.314653 0.000000
8.434096 18.433126 0.000000
4.306697 -30.039729 0.000000
65.904287 4.348863 0.000000
-10.602020 11.567631 0.000000
9.316528 -18.148242 0.000000
-7.047692 37.701594 0.000000
-24.737376 -9.113222 0.000000
