104.753563 26.159702 0.000000
73.862198 -79.811970 0.000000
-47.379422 -100.176408 0.000000
-58.099701 90.745969 0.000000
-75.755248 -55.226790 0.000000
-107.053628 -2.283652 0.000000
-49.829301 -80.470318 0.000000
-88.568957 -19.519546 0.000000
-94.454096 -55.458371 0.000000
-108.851563 -7.870169 0.000000
7.279224 -104.556085 0.000000
103.308321 -2.451111 0.000000
3.869230 105.308833 0.000000
27.333563 -62.078213 0.000000
-49.178273 -91.178260 0.000000
100.284286 40.856068 0.000000
106.900592 -21.737439 0.000000
109.375520 -33.599989 0.000000
17.374421 -88.685628 0.000000
86.327611 56.116890 0.000000
41.397748 -95.982337 0.000000
1.677010 106.818358 0.000000
-3.757212 95.352866 0.000000
52.996961 -81.292132 0.000000
6.273917 106.015772 0.000000
40.315173 -99.944678 0.000000
35.388565 90.169079 0.000000
84.627415 -66.092682 0.000000
-40.120022 -103.614349 0.000000
-102.264432 -34.602159 0.000000
27.787392 -104.339840 0.000000
23.257943 -98.341470 0.000000
-101.624588 36.736128 0.000000
-42.893197 -97.667957 0.000000
-53.366045 -92.868104 0.000000
112.735617 -4.360705 0.000000
107.166657 0.238609 0.000000
-89.017249 -62.354118 0.000000
67.564345 -63.932596 0.000000
57.841471 90.182801 0.000000
4.843756 -107.772605 0.000000
-69.812839 77.336179 0.000000
-73.013637 -37.402168 0.000000
-88.379103 40.496541 0.000000
107.871061 -1.545038 0.000000
84.015223 -3.287078 0.000000
-74.211442 52.961992 0.000000
-14.095641 99.800913 0.000000
82.228806 -45.502133 0.000000
49.000067 98.249280 0.000000
-69.371666 76.838035 0.000000
99.283951 10.355046 0.000000
107.819985 5.170183 0.000000
94.423649 -52.928943 0.000000
42.285806 98.421845 0.000000
44.626435 83.332841 0.000000
35.982055 96.565994 0.000000
-87.920591 62.579280 0.000000
-96.811433 -44.252063 0.000000
46.974517 97.450900 0.000000
22.806677 -80.425645 0.000000
-65.544317 -72.206413 0.000000
-83.381477 -63.134474 0.000000
102.376942 35.195973 0.000000
-76.370744 75.147181 0.000000
-50.036364 95.007362 0.000000
-104.838002 -25.395505 0.000000
-112.223100 21.710524 0.000000
67.365627 -83.934122 0.000000
-18.905155 99.143357 0.000000
8.592548 -107.221611 0.000000
79.995512 73.308951 0.000000
27.517113 -94.364095 0.000000
-78.456247 35.329099 0.000000
-59.996563 80.408008 0.000000
-64.983673 59.418305 0.000000
-56.952605 97.188148 0.000000
96.620535 -46.205013 0.000000
94.768229 52.274935 0.000000
55.559078 -84.495383 0.000000
110.992696 -13.435020 0.000000
104.443801 -22.432883 0.000000
-109.196683 -26.125957 0.000000
-48.744728 100.510078 0.000000
-113.920328 -7.896236 0.000000
36.064581 101.354518 0.000000
74.773923 69.594471 0.000000
59.314863 -87.123720 0.000000
79.118747 -71.634789 0.000000
89.470589 40.646624 0.000000
83.417784 61.411607 0.000000
-28.965619 -103.327288 0.000000
8.262158 72.631262 0.000000
75.457680 -66.601277 0.000000
-11.263800 96.492469 0.000000
-100.109659 -12.749334 0.000000
-83.495028 -57.005206 0.000000
71.380813 69.504912 0.000000
-71.911139 -38.064867 0.000000
50.169623 -94.890838 0.000000
-58.718299 -91.683485 0.000000
52.528406 76.182239 0.000000
-82.975641 69.254274 0.000000
68.671174 66.419129 0.000000
-81.412163 54.760529 0.000000
-43.779571 -91.184027 0.000000
26.705187 103.151772 0.000000
-43.965518 98.552001 0.000000
107.863244 -36.984070 0.000000
14.145068 93.135488 0.000000
-2.871790 -106.986845 0.000000
-75.745258 -60.795469 0.000000
-57.960927 -77.930497 0.000000
65.225489 86.184272 0.000000
37.667526 -92.225002 0.000000
79.476344 57.046559 0.000000
-33.425529 -104.811986 0.000000
-41.034960 -83.733044 0.000000
-90.576028 49.200976 0.000000
-43.149935 -94.774334 0.000000
14.904519 -106.387225 0.000000
25.601468 99.338044 0.000000
-66.327715 -34.345328 0.000000
-76.619012 75.731160 0.000000
83.910511 -26.808350 0.000000
-84.173677 -46.088676 0.000000
-41.903431 105.239694 0.000000
21.876824 -84.029528 0.000000
-56.706781 91.849684 0.000000
73.178174 64.449947 0.000000
-26.373364 -104.797429 0.000000
-92.464335 -46.031634 0.000000
47.908165 -77.527436 0.000000
107.175676 4.480495 0.000000
-90.389158 33.408722 0.000000
-92.519289 34.881159 0.000000
-103.120009 36.927345 0.000000
97.146004 2.086127 0.000000
-66.082315 -85.019656 0.000000
-90.256292 42.281406 0.000000
-17.878690 106.075515 0.000000
-29.281557 90.886070 0.000000
70.511800 70.617428 0.000000
-51.790990 78.036668 0.000000
86.472825 9.591196 0.000000
-18.448513 -100.186765 0.000000
-105.320783 17.053345 0.000000
-50.242305 -76.818049 0.000000
2.671975 107.780168 0.000000
66.605589 68.767627 0.000000
87.572925 -62.724803 0.000000
-105.009719 24.037287 0.000000
84.213232 12.965908 0.000000
60.640534 -95.786743 0.000000
-82.172934 48.740620 0.000000
13.389829 -113.168170 0.000000
-66.484196 -51.775640 0.000000
-22.920069 104.685110 0.000000
63.539451 -51.766380 0.000000
105.782983 10.824961 0.000000
105.689495 -21.060603 0.000000
-56.341629 -91.171577 0.000000
-50.835198 -65.913345 0.000000
12.455101 93.802961 0.000000
68.524694 -81.841108 0.000000
-94.301445 -50.195931 0.000000
88.862070 60.907079 0.000000
54.564942 91.949214 0.000000
99.886218 -16.061537 0.000000
68.589836 -81.475388 0.000000
-79.794589 62.134567 0.000000
-52.253054 -92.963591 0.000000
55.864510 91.427370 0.000000
84.947063 66.183191 0.000000
24.645980 104.073685 0.000000
100.853350 7.675627 0.000000
98.984088 -42.493683 0.000000
-27.197830 -104.586755 0.000000
111.586606 13.019334 0.000000
57.438578 91.149408 0.000000
63.735094 92.382726 0.000000
-93.442439 20.614258 0.000000
97.604005 -37.270768 0.000000
-114.119412 10.332118 0.000000
-37.121087 93.513989 0.000000
28.415540 -103.823906 0.000000
-17.535502 93.010536 0.000000
-103.827727 29.829538 0.000000
78.323743 -81.466736 0.000000
-15.286460 106.580194 0.000000
-76.300502 -66.395361 0.000000
-97.676190 45.770596 0.000000
104.833822 -37.872697 0.000000
84.333120 -53.137408 0.000000
8.335860 97.186903 0.000000
-13.132658 106.815733 0.000000
-93.031372 -16.757577 0.000000
99.636188 40.684442 0.000000
-68.843897 -81.738687 0.000000
-89.891083 52.717460 0.000000
77.472719 75.611719 0.000000
59.377315 -71.363268 0.000000
92.844595 47.282747 0.000000
69.738467 58.642496 0.000000
-14.142275 -105.856955 0.000000
-76.077800 76.103104 0.000000
-33.278692 95.431170 0.000000
92.884749 -28.736572 0.000000
-102.883760 34.187884 0.000000
-81.271881 -40.831198 0.000000
-104.718247 29.962218 0.000000
75.120043 -69.143800 0.000000
-104.734211 19.984982 0.000000
5.276546 -109.381260 0.000000
-84.190649 67.148662 0.000000
-101.921057 -6.756329 0.000000
93.183483 -51.989729 0.000000
-17.789518 102.951399 0.000000
-1.995777 106.852303 0.000000
-28.842926 -100.207683 0.000000
-49.990830 -79.879707 0.000000
15.482613 -105.676669 0.000000
94.727625 50.645486 0.000000
-40.975867 -100.280254 0.000000
0.559223 101.110648 0.000000
-84.496173 -65.262826 0.000000
-88.126754 -61.950318 0.000000
66.342639 62.551487 0.000000
55.767485 58.531824 0.000000
-83.852065 64.385403 0.000000
71.746906 69.086531 0.000000
52.885620 -77.014462 0.000000
93.869325 -29.028061 0.000000
-97.967206 47.167859 0.000000
-83.351452 63.396335 0.000000
-13.233460 112.947354 0.000000
-101.742982 -38.266520 0.000000
-71.317739 80.596708 0.000000
-38.631934 101.845819 0.000000
-76.972715 16.103015 0.000000
-0.355572 108.550125 0.000000
-24.114061 -99.052750 0.000000
69.016398 -68.909423 0.000000
86.296847 -73.534517 0.000000
-63.766707 -63.279385 0.000000
-84.232969 -74.292661 0.000000
-91.399816 18.394291 0.000000
-93.585561 53.193004 0.000000
104.579834 27.352423 0.000000
-68.315826 82.679034 0.000000
-107.275006 9.011820 0.000000
-89.063333 68.122593 0.000000
97.882853 44.926695 0.000000
-40.061169 91.999059 0.000000
-44.341095 -81.282045 0.000000
27.563543 -103.912402 0.000000
-56.039095 76.687761 0.000000
80.545639 66.074513 0.000000
-12.269403 -94.231735 0.000000
-23.623246 105.250173 0.000000
91.987717 -13.840733 0.000000
87.398553 41.502673 0.000000
18.402698 -111.934532 0.000000
106.757041 -10.651731 0.000000
-69.078740 73.186503 0.000000
-65.016255 63.441027 0.000000
92.041925 50.562002 0.000000
-94.565392 -51.915193 0.000000
103.409461 -17.338536 0.000000
-83.700675 -67.150077 0.000000
-54.509615 -56.568020 0.000000
-11.815759 -107.022896 0.000000
-74.376887 73.471798 0.000000
-96.979863 16.019704 0.000000
-99.467946 41.829183 0.000000
-43.710720 98.077695 0.000000
-95.497417 -49.069544 0.000000
-37.955740 -101.429147 0.000000
100.850013 -31.690909 0.000000
-82.768920 -69.724803 0.000000
91.078623 -70.081868 0.000000
98.814471 -12.663058 0.000000
-71.232479 -80.814875 0.000000
-101.526388 -40.048081 0.000000
95.430321 -49.177412 0.000000
-38.193968 -96.977701 0.000000
-68.220237 78.707692 0.000000
104.522533 20.143343 0.000000
-54.614087 75.544323 0.000000
-99.400403 38.756052 0.000000
6.639257 -100.932614 0.000000
42.951903 98.065227 0.000000
-19.700865 -100.224169 0.000000
82.753215 49.280486 0.000000
-87.889265 60.488458 0.000000
71.260299 65.233628 0.000000
20.206518 105.708431 0.000000
10.454413 100.095198 0.000000
31.521213 88.758554 0.000000
-96.324135 48.485617 0.000000
-75.765563 -49.887316 0.000000
107.418837 7.838946 0.000000
-9.207742 -103.889482 0.000000
-80.337350 -79.351877 0.000000
-79.750706 -47.903865 0.000000
92.507793 65.517281 0.000000
2.913277 89.274640 0.000000
85.374965 -57.511500 0.000000
100.190573 -40.472836 0.000000
-15.077376 -111.423497 0.000000
-98.034294 33.283982 0.000000
-17.742865 -109.992973 0.000000
-101.093346 36.356403 0.000000
-39.319238 84.149820 0.000000
101.573346 -40.514011 0.000000
70.737870 -30.696769 0.000000
100.650558 -44.625388 0.000000
-8.911592 83.967590 0.000000
84.738477 -28.520907 0.000000
105.919289 20.052526 0.000000
5.756273 -94.510554 0.000000
-65.917426 -85.504739 0.000000
-86.535589 -46.275647 0.000000
-96.743635 -48.008273 0.000000
-14.614556 -111.620722 0.000000
-108.495388 0.714505 0.000000
101.811318 -22.114041 0.000000
87.532484 50.631427 0.000000
-40.168553 73.496211 0.000000
-101.560706 -26.376869 0.000000
-27.068673 -104.181720 0.000000
-36.092085 87.032374 0.000000
67.781737 56.418270 0.000000
76.128847 -77.567264 0.000000
100.031834 36.386807 0.000000
-30.080935 -94.015599 0.000000
68.673149 -74.142917 0.000000
-32.518295 106.782850 0.000000
69.435742 81.080486 0.000000
-105.292531 38.242709 0.000000
-87.332392 41.629180 0.000000
25.944475 -92.162989 0.000000
98.458995 -19.739524 0.000000
14.232948 108.658078 0.000000
40.274463 -97.009033 0.000000
107.781046 1.539959 0.000000
83.441010 54.470920 0.000000
31.599301 103.033469 0.000000
49.882680 68.363518 0.000000
45.865815 73.262442 0.000000
-102.215665 -32.424865 0.000000
102.380033 -32.515926 0.000000
13.181344 88.141688 0.000000
-6.448117 95.472725 0.000000
-48.559434 -86.753650 0.000000
-73.248436 80.114581 0.000000
-10.446923 -92.657326 0.000000
-100.129969 11.031907 0.000000
75.688486 44.870827 0.000000
103.093129 -12.896396 0.000000
54.046211 93.449908 0.000000
57.879968 88.073542 0.000000
30.132103 103.730656 0.000000
-41.652116 86.552372 0.000000
-98.717846 12.596419 0.000000
-88.798611 72.577126 0.000000
-20.538069 105.079985 0.000000
-20.990856 -96.109176 0.000000
84.454490 -67.178157 0.000000
-72.833948 -32.651334 0.000000
-70.165144 -57.676987 0.000000
43.394479 -77.584028 0.000000
93.661620 -25.828815 0.000000
97.137678 -14.062495 0.000000
-94.833409 -29.152699 0.000000
-26.761324 -108.669313 0.000000
-48.420589 -88.598274 0.000000
95.569314 -18.946520 0.000000
-1.304536 95.947280 0.000000
-60.354729 -82.889231 0.000000
82.525883 -53.813059 0.000000
5.201008 106.873834 0.000000
96.855068 47.382688 0.000000
15.998964 -106.902258 0.000000
-28.308460 88.108634 0.000000
98.534023 57.310337 0.000000
0.549567 94.049485 0.000000
64.364469 87.433960 0.000000
81.537705 53.381776 0.000000
-45.732473 86.513187 0.000000
-102.096362 -34.605183 0.000000
-93.572341 50.808549 0.000000
-48.067674 -97.189473 0.000000
-109.481592 3.029625 0.000000
-57.591187 91.297505 0.000000
84.159134 48.532330 0.000000
96.926213 -45.396758 0.000000
-5.058148 -107.697552 0.000000
84.551793 57.018253 0.000000
87.998085 9.202642 0.000000
-48.900143 91.606770 0.000000
-79.259040 -45.118432 0.000000
-4.884230 107.576236 0.000000
-97.560244 43.359205 0.000000
101.025713 -39.159738 0.000000
-11.339250 97.472922 0.000000
-85.374633 39.731207 0.000000
-100.087228 40.708591 0.000000
75.802823 -53.653471 0.000000
-103.941783 -29.227324 0.000000
90.911061 56.990850 0.000000
-102.398548 33.558627 0.000000
22.447000 -105.199692 0.000000
9.885142 93.790171 0.000000
-97.763902 46.102985 0.000000
110.773172 -23.897230 0.000000
-25.028478 105.631897 0.000000
-89.212315 43.189392 0.000000
-103.552155 25.632024 0.000000
78.892388 79.739995 0.000000
-5.777617 -101.135129 0.000000
46.548446 -89.510115 0.000000
-106.942920 1.679908 0.000000
-107.504800 8.922908 0.000000
-106.473200 22.878803 0.000000
-101.725352 -35.696314 0.000000
-105.036713 23.702354 0.000000
-97.520005 -23.686610 0.000000
-6.662927 104.368724 0.000000
-24.605337 -109.333827 0.000000
-87.450495 55.606092 0.000000
82.798655 -68.045875 0.000000
89.581622 61.891201 0.000000
-94.900683 48.475561 0.000000
-9.529958 104.095980 0.000000
90.630766 59.220544 0.000000
94.854264 -51.501696 0.000000
-65.654255 -78.564147 0.000000
106.380776 -0.610614 0.000000
-57.920058 86.250233 0.000000
-74.349891 -77.742357 0.000000
37.773506 -92.253152 0.000000
79.939059 -10.047954 0.000000
-9.454261 96.704337 0.000000
-13.824990 98.629555 0.000000
92.215933 55.176696 0.000000
-91.521408 -29.725589 0.000000
93.471242 -29.794450 0.000000
-53.458528 93.443409 0.000000
-85.436790 41.225982 0.000000
-96.379442 21.401434 0.000000
96.536918 30.018010 0.000000
-109.793690 20.367246 0.000000
-105.466257 28.065226 0.000000
-89.182392 58.550948 0.000000
-94.770681 -51.798073 0.000000
92.754204 -37.262297 0.000000
38.412366 107.907425 0.000000
-25.712432 -99.133159 0.000000
54.462937 100.145488 0.000000
-30.011077 103.812205 0.000000
27.554794 93.518327 0.000000
-67.392318 27.643585 0.000000
-72.074622 -66.558814 0.000000
-91.637578 36.591830 0.000000
34.977635 -94.792989 0.000000
-107.652615 4.204357 0.000000
-74.892403 -71.870187 0.000000
-61.171019 -88.055176 0.000000
105.051191 22.009180 0.000000
107.862706 -4.108538 0.000000
-50.568286 -94.792177 0.000000
70.121525 79.681477 0.000000
29.591883 -98.606723 0.000000
9.918466 -91.825288 0.000000
25.354025 -89.711427 0.000000
54.715934 89.105165 0.000000
58.995290 -65.048319 0.000000
-104.935601 3.903685 0.000000
-21.427949 -98.271341 0.000000
-59.704241 -98.328879 0.000000
108.828365 -11.843191 0.000000
-107.246589 6.937942 0.000000
-58.793290 63.541465 0.000000
-33.075248 -91.662955 0.000000
80.604943 -71.181074 0.000000
75.296643 -41.034106 0.000000
84.298212 -57.021943 0.000000
31.228115 -99.946789 0.000000
102.951551 29.777561 0.000000
-52.770725 -93.879279 0.000000
74.530710 26.616536 0.000000
-27.848780 91.147434 0.000000
-97.476472 46.363532 0.000000
-73.572812 72.052824 0.000000
79.821136 65.697371 0.000000
106.119407 3.232437 0.000000
-76.852919 -80.472504 0.000000
26.620471 -79.428148 0.000000
1.470170 73.850514 0.000000
14.642928 106.851036 0.000000
-58.991976 72.475879 0.000000
-6.024716 107.119403 0.000000
-102.158685 -15.608576 0.000000
108.008867 -35.690840 0.000000
-79.784413 53.122292 0.000000
96.581434 9.428084 0.000000
-9.804599 -104.000730 0.000000
-78.562078 -67.974119 0.000000
-41.754181 -100.790717 0.000000
55.035654 69.275309 0.000000
76.143597 64.719933 0.000000
94.500242 31.977881 0.000000
-103.699325 45.209766 0.000000
-48.853343 -96.107687 0.000000
-25.618206 -105.307932 0.000000
91.828599 -54.982037 0.000000
-40.975295 -101.178859 0.000000
37.153864 100.868035 0.000000
51.410478 101.940002 0.000000
106.613392 -3.644922 0.000000
-114.193318 -2.896685 0.000000
98.459438 -19.466921 0.000000
-79.511873 51.092718 0.000000
-3.873938 93.953939 0.000000
92.786092 53.608726 0.000000
7.736681 -109.832973 0.000000
70.517647 -90.014570 0.000000
-100.998450 -3.285858 0.000000
-72.395855 -81.224595 0.000000
-71.953484 -74.285375 0.000000
83.792891 -67.626296 0.000000
43.429988 102.585173 0.000000
-87.107902 2.537660 0.000000
104.078214 -28.826576 0.000000
-79.402575 62.100815 0.000000
-58.249994 -79.682692 0.000000
-68.748553 82.954868 0.000000
106.585830 18.242402 0.000000
48.662325 96.171235 0.000000
65.174887 -69.517007 0.000000
-80.953439 -41.885800 0.000000
6.194200 109.253999 0.000000
-95.533322 -36.027770 0.000000
53.859809 88.409824 0.000000
107.463565 -5.576492 0.000000
-71.558813 65.654862 0.000000
-93.857854 -50.758804 0.000000
-107.749272 -5.104945 0.000000
89.879175 -62.262996 0.000000
-93.846008 -56.049938 0.000000
62.065530 88.491240 0.000000
37.989907 97.325583 0.000000
68.234533 63.518244 0.000000
-74.890061 -4.874082 0.000000
43.922199 -94.095471 0.000000
105.636724 17.305522 0.000000
85.437079 -66.359865 0.000000
41.058315 99.485045 0.000000
-39.595519 74.401106 0.000000
-18.326395 103.448872 0.000000
99.679893 -43.394135 0.000000
97.415921 44.587152 0.000000
-89.172213 -25.981764 0.000000
-29.410815 -91.085374 0.000000
-84.031271 48.778736 0.000000
12.980511 106.839627 0.000000
-69.059856 82.949249 0.000000
90.799340 39.406803 0.000000
6.930878 -98.863078 0.000000
-44.161446 -98.346750 0.000000
-71.012393 -73.059883 0.000000
103.207185 25.702586 0.000000
-48.240618 73.452615 0.000000
-20.300600 -104.650875 0.000000
66.968637 83.519249 0.000000
-82.876986 14.979463 0.000000
9.602998 103.018697 0.000000
99.586736 -15.363409 0.000000
1.554535 -74.374686 0.000000
105.257370 -27.609445 0.000000
-43.807742 95.855419 0.000000
-82.655351 -66.945248 0.000000
-97.481207 -3.324873 0.000000
103.997152 27.135129 0.000000
2.153961 -107.509212 0.000000
-15.435476 86.834547 0.000000
-62.362979 73.492378 0.000000
77.736953 74.677055 0.000000
-90.237418 50.496615 0.000000
102.334583 -20.929901 0.000000
76.039812 -57.758730 0.000000
-5.805156 99.490896 0.000000
9.458019 -104.131755 0.000000
29.318550 95.227909 0.000000
96.673470 48.448334 0.000000
78.119972 -57.629486 0.000000
-97.824484 22.487867 0.000000
-47.533783 89.182587 0.000000
41.622513 98.356828 0.000000
-99.801914 -40.293950 0.000000
-35.093002 100.875689 0.000000
-107.291072 -6.201822 0.000000
-106.016339 12.793384 0.000000
86.385605 63.782301 0.000000
-29.105364 -79.988126 0.000000
99.948095 40.073008 0.000000
-53.170160 -92.366986 0.000000
-101.234057 49.666866 0.000000
-60.669978 89.612898 0.000000
-84.868365 -56.776828 0.000000
-97.993518 25.340894 0.000000
-46.700648 -97.345955 0.000000
-105.642674 21.283071 0.000000
90.687049 -25.596328 0.000000
23.584973 -104.817312 0.000000
-46.777525 -96.697956 0.000000
65.226798 75.051581 0.000000
22.797808 -106.074675 0.000000
-89.372496 50.758923 0.000000
63.200688 -88.811214 0.000000
69.298830 32.897918 0.000000
85.217429 58.860141 0.000000
-30.502893 94.787000 0.000000
80.869822 61.784582 0.000000
98.417758 23.324905 0.000000
80.828727 16.686614 0.000000
-87.499631 -0.685373 0.000000
101.857594 -37.269399 0.000000
-82.157089 -67.250745 0.000000
-105.424094 -22.959930 0.000000
-52.386245 -83.250811 0.000000
-76.496183 -66.155166 0.000000
13.750537 -106.326098 0.000000
106.834972 -12.772530 0.000000
92.586939 54.245535 0.000000
-68.119034 83.478386 0.000000
99.055006 24.655703 0.000000
26.963773 95.813202 0.000000
67.003438 -85.161389 0.000000
70.189680 -77.837620 0.000000
104.507675 2.408893 0.000000
-105.972427 -12.253101 0.000000
49.666007 -90.848417 0.000000
-57.844585 90.633373 0.000000
-74.227693 72.942996 0.000000
-73.810976 -78.741537 0.000000
-84.972666 -33.020848 0.000000
-45.353207 -89.998510 0.000000
-92.415395 -39.571253 0.000000
37.683764 -104.332928 0.000000
-108.631807 20.206879 0.000000
-65.812381 -86.241193 0.000000
-53.351079 87.384844 0.000000
9.744768 100.615773 0.000000
91.770147 -12.873005 0.000000
-49.803322 63.607700 0.000000
75.722640 -58.590601 0.000000
0.438929 104.220705 0.000000
-11.974281 100.064173 0.000000
81.049960 -21.145397 0.000000
105.404434 11.385900 0.000000
-14.174768 106.809521 0.000000
53.411149 -92.647447 0.000000
-100.687563 39.148836 0.000000
44.062300 97.367549 0.000000
-72.191458 -58.218723 0.000000
103.869772 34.405044 0.000000
-2.254564 -108.759564 0.000000
-60.751919 -80.903966 0.000000
-48.646094 -84.113313 0.000000
-82.898171 12.197830 0.000000
64.421077 -89.136628 0.000000
-88.899121 68.111398 0.000000
-45.458885 90.286223 0.000000
27.007413 102.913179 0.000000
-3.789227 107.849330 0.000000
-100.322719 -26.680219 0.000000
-16.553132 93.497246 0.000000
-86.671408 -15.878695 0.000000
-107.079991 11.478992 0.000000
85.173111 -16.511650 0.000000
100.075741 38.405881 0.000000
29.706470 -88.543939 0.000000
26.289724 96.301027 0.000000
-83.005637 -59.435887 0.000000
-105.616901 -22.193262 0.000000
-104.231879 32.437422 0.000000
48.430295 -31.688584 0.000000
67.719193 61.334610 0.000000
-100.064367 37.395137 0.000000
-64.583400 -85.107038 0.000000
77.550976 -20.289912 0.000000
24.082477 98.208504 0.000000
-78.509247 79.403532 0.000000
100.939357 36.779617 0.000000
66.496902 41.894768 0.000000
82.786686 68.711821 0.000000
66.651633 61.506623 0.000000
89.956329 46.181188 0.000000
-78.970275 1.021772 0.000000
-17.656385 86.046468 0.000000
-54.345563 -94.440911 0.000000
91.896023 -20.768151 0.000000
103.241870 46.168273 0.000000
-67.129968 -57.440662 0.000000
-0.374077 -107.781840 0.000000
74.921552 56.714155 0.000000
-85.152063 -66.234570 0.000000
22.957471 104.375153 0.000000
-91.898032 -56.107996 0.000000
5.989433 104.317623 0.000000
-80.825915 60.620715 0.000000
81.412175 -55.647507 0.000000
76.917336 -33.181125 0.000000
94.290211 -52.269327 0.000000
107.144675 11.727016 0.000000
-29.265715 -97.549911 0.000000
102.471265 33.788257 0.000000
-52.811863 -95.180664 0.000000
-66.729843 64.425556 0.000000
-78.462590 -72.413747 0.000000
110.109340 26.627895 0.000000
57.069417 -75.527783 0.000000
70.774009 37.223688 0.000000
-93.010959 52.427395 0.000000
95.770167 49.378640 0.000000
62.422711 87.410179 0.000000
-74.060479 64.752760 0.000000
-96.900305 47.167700 0.000000
-62.300140 -83.604267 0.000000
104.445716 -2.067035 0.000000
46.071878 93.897099 0.000000
-35.854557 101.651938 0.000000
-36.089999 -101.516668 0.000000
109.959406 -14.968887 0.000000
-99.243929 -44.674837 0.000000
-81.667976 52.500716 0.000000
-103.365059 -30.977588 0.000000
82.808301 69.633386 0.000000
5.496332 -107.550365 0.000000
104.535029 25.867116 0.000000
-65.258965 -85.669101 0.000000
73.714692 -59.135091 0.000000
41.277570 -105.404730 0.000000
-51.438519 -95.638205 0.000000
-78.361653 -72.541041 0.000000
-107.650374 5.815468 0.000000
74.928063 -64.887179 0.000000
82.406875 69.794166 0.000000
91.598665 42.300501 0.000000
108.156187 4.334031 0.000000
-19.387793 -90.057834 0.000000
-36.909209 -88.306189 0.000000
-52.604290 82.827035 0.000000
64.036633 -87.887056 0.000000
-99.898246 40.027109 0.000000
54.292292 93.399080 0.000000
-109.474464 -25.477872 0.000000
-103.832878 11.924645 0.000000
-48.467242 -94.650013 0.000000
-56.258397 91.927755 0.000000
95.606044 -32.525757 0.000000
76.385293 -65.800717 0.000000
-6.037281 -106.650139 0.000000
-99.105135 40.000556 0.000000
11.718257 -107.048811 0.000000
-112.263291 6.831024 0.000000
105.781701 -13.864358 0.000000
-92.531423 -39.885644 0.000000
106.077602 -17.265780 0.000000
-12.228321 90.088836 0.000000
104.279282 17.161653 0.000000
-98.184200 -35.522042 0.000000
-29.066775 103.986091 0.000000
-58.352797 -46.569675 0.000000
20.817050 -107.175247 0.000000
9.284892 112.441302 0.000000
-54.961405 83.001691 0.000000
22.061988 100.889046 0.000000
-52.672985 -98.880199 0.000000
5.363842 -84.282567 0.000000
-107.303421 -4.746630 0.000000
91.094154 -69.545544 0.000000
-84.084744 65.414695 0.000000
105.164664 -8.360475 0.000000
6.157306 81.551952 0.000000
55.754789 -87.317021 0.000000
18.543366 -101.930006 0.000000
-75.293087 -67.156655 0.000000
-17.036853 -112.447589 0.000000
94.363173 -62.943497 0.000000
27.942013 110.331651 0.000000
27.057710 84.224973 0.000000
64.851604 -77.744099 0.000000
-94.023107 52.320086 0.000000
-14.095268 102.303734 0.000000
-96.921930 -48.146227 0.000000
-58.158047 84.000282 0.000000
32.399566 -73.777442 0.000000
26.711113 104.657700 0.000000
89.862260 -54.011613 0.000000
84.528597 67.091804 0.000000
-81.002126 -53.701577 0.000000
-63.211118 -87.171370 0.000000
-4.418498 108.011582 0.000000
72.302710 71.250134 0.000000
-101.873214 30.867561 0.000000
83.467346 62.408725 0.000000
0.638805 -95.417317 0.000000
-98.145168 9.564545 0.000000
-64.060467 -82.982420 0.000000
52.911824 -93.561648 0.000000
-66.326662 84.628681 0.000000
-75.109962 -67.649108 0.000000
75.926109 54.860495 0.000000
67.627433 -82.293806 0.000000
-109.590308 -6.231881 0.000000
47.658035 77.672146 0.000000
63.247057 -87.429430 0.000000
96.898145 46.497301 0.000000
-78.755735 -45.286878 0.000000
-87.867666 -69.098023 0.000000
88.815084 -44.647302 0.000000
-95.209262 42.957214 0.000000
11.572221 99.298715 0.000000
-56.223831 71.772194 0.000000
7.327250 107.432490 0.000000
-22.465817 94.545457 0.000000
32.053116 103.127267 0.000000
-75.468540 -15.612292 0.000000
-44.465590 -95.185783 0.000000
-53.775374 89.608980 0.000000
106.214638 15.423819 0.000000
-88.685931 -40.596866 0.000000
17.598877 -108.743543 0.000000
-65.843093 -78.335055 0.000000
104.595363 -32.011603 0.000000
97.586379 -34.603895 0.000000
16.645932 79.995010 0.000000
-66.162791 85.016982 0.000000
-70.191224 75.703497 0.000000
85.450608 -53.436443 0.000000
101.019074 16.358038 0.000000
26.446591 105.209354 0.000000
-44.834907 -84.060311 0.000000
-48.906124 101.333856 0.000000
75.144837 72.586241 0.000000
-89.285441 61.138402 0.000000
77.409491 -70.185246 0.000000
-32.122111 -97.845263 0.000000
-11.597032 -96.729849 0.000000
82.830085 58.354039 0.000000
38.080482 -60.645448 0.000000
-41.710668 90.379157 0.000000
-84.023058 -67.096028 0.000000
94.460893 32.500373 0.000000
-24.157808 -104.469080 0.000000
-13.231741 -85.500106 0.000000
-4.208529 -107.701445 0.000000
-63.416233 72.084417 0.000000
-55.565496 57.608559 0.000000
103.287203 -13.533480 0.000000
97.249085 -21.618859 0.000000
101.172720 -12.019489 0.000000
-57.018381 98.985427 0.000000
36.512291 101.343476 0.000000
75.988267 -76.412870 0.000000
-91.500677 -65.759216 0.000000
-62.177347 74.520116 0.000000
21.150156 -105.920800 0.000000
84.288532 -19.401675 0.000000
92.990160 -27.990700 0.000000
46.287829 98.371687 0.000000
94.420771 -64.551681 0.000000
-9.256975 -105.710769 0.000000
78.172110 -57.704543 0.000000
54.649754 83.657840 0.000000
-11.046506 103.082391 0.000000
-95.376967 9.926191 0.000000
99.305415 -23.714837 0.000000
92.667191 54.719667 0.000000
1.348013 -100.946420 0.000000
-106.646410 -11.338940 0.000000
-35.777416 83.852227 0.000000
103.330142 26.408276 0.000000
77.239892 77.229484 0.000000
-31.439417 -103.074918 0.000000
100.005159 38.016263 0.000000
1.015528 107.555749 0.000000
-66.870998 -83.812358 0.000000
-92.201319 53.718288 0.000000
-87.898985 -67.024990 0.000000
107.397798 -9.069240 0.000000
-52.712664 -76.564639 0.000000
-83.318017 68.754896 0.000000
107.548253 -9.119535 0.000000
49.320752 94.764923 0.000000
-84.334797 -52.525576 0.000000
19.637340 -79.592505 0.000000
36.911761 -97.491477 0.000000
-85.893827 -63.439704 0.000000
62.139434 84.045914 0.000000
88.083025 61.414135 0.000000
-105.889160 -13.556475 0.000000
91.070258 -29.520838 0.000000
-94.617791 -28.582268 0.000000
17.762410 -96.499998 0.000000
-108.847709 0.657119 0.000000
99.463130 -54.268562 0.000000
96.850381 -46.550271 0.000000
105.684356 -15.141686 0.000000
95.171041 51.066883 0.000000
15.996465 -112.422257 0.000000
-45.676480 82.939926 0.000000
104.088997 3.834260 0.000000
92.955595 54.623353 0.000000
83.461304 68.124584 0.000000
-44.178459 -84.390298 0.000000
71.941010 -68.880210 0.000000
-43.481638 95.342731 0.000000
37.200656 101.126312 0.000000
-46.164966 -100.206589 0.000000
-80.149949 -72.093288 0.000000
106.124888 -17.876366 0.000000
99.623946 2.007679 0.000000
72.712282 71.144992 0.000000
-102.565091 -27.944322 0.000000
-84.777108 -60.465471 0.000000
97.647160 40.145532 0.000000
-97.607368 19.965022 0.000000
-111.554887 23.775091 0.000000
100.986736 -5.537577 0.000000
85.845704 -35.251907 0.000000
93.476162 29.805796 0.000000
-77.571123 74.648918 0.000000
60.901066 -84.935158 0.000000
-11.767866 -100.034897 0.000000
-48.822905 -96.113532 0.000000
12.819668 -107.075631 0.000000
-108.672570 -8.616966 0.000000
-39.537787 99.807162 0.000000
61.362416 -81.683393 0.000000
-2.162033 -102.487874 0.000000
77.026720 -62.625041 0.000000
84.232204 21.348318 0.000000
-51.983094 74.931392 0.000000
-98.431835 -16.470669 0.000000
106.112830 17.284545 0.000000
42.966406 -79.532770 0.000000
81.197225 27.257320 0.000000
62.458478 85.783937 0.000000
-70.713334 -81.595099 0.000000
-76.672947 -77.022785 0.000000
-57.794740 -65.735668 0.000000
-7.910003 107.746315 0.000000
95.258551 61.013007 0.000000
74.188228 78.962389 0.000000
-102.976459 -27.228537 0.000000
89.703304 38.342294 0.000000
106.268186 -18.457483 0.000000
91.686016 -39.767831 0.000000
-20.383866 104.891494 0.000000
57.732209 84.324273 0.000000
-56.271786 62.157522 0.000000
31.158660 92.257962 0.000000
-107.222318 3.815968 0.000000
25.982525 93.886625 0.000000
-92.150030 52.820981 0.000000
-99.481845 -41.415512 0.000000
88.167522 -60.774108 0.000000
1.132782 -97.915365 0.000000
105.372795 -36.834026 0.000000
49.461979 85.050270 0.000000
-67.428422 83.439035 0.000000
26.100321 -97.634557 0.000000
-36.492781 -76.769460 0.000000
-66.640678 -81.025214 0.000000
105.644667 -22.285580 0.000000
-97.257429 -34.746230 0.000000
-26.626145 104.412814 0.000000
58.002296 90.902372 0.000000
-19.112338 -106.179560 0.000000
83.428871 -17.538820 0.000000
14.710324 -78.498777 0.000000
87.563850 61.854523 0.000000
-1.099742 -106.808012 0.000000
-87.628198 49.592936 0.000000
2.461838 -106.393621 0.000000
-53.452035 55.555053 0.000000
-96.635911 -32.967153 0.000000
-29.528748 106.372008 0.000000
91.289980 -57.381217 0.000000
-42.733505 76.763489 0.000000
-99.171953 38.630347 0.000000
105.973789 -18.940964 0.000000
60.832517 -84.951465 0.000000
-106.450937 -14.359688 0.000000
89.614504 -25.067992 0.000000
67.884393 -83.526152 0.000000
89.303522 -33.766952 0.000000
94.954803 35.236769 0.000000
-88.116457 -63.354740 0.000000
63.360693 -74.918910 0.000000
-95.020391 -50.945134 0.000000
101.175560 -52.064315 0.000000
-72.908626 -83.468984 0.000000
-86.776472 64.799319 0.000000
99.343937 18.692398 0.000000
-105.491571 41.177593 0.000000
-37.298987 101.048365 0.000000
40.971326 -97.062226 0.000000
33.396010 78.152849 0.000000
46.868637 92.428084 0.000000
-103.348922 -3.999603 0.000000
107.337827 -13.709591 0.000000
-54.918092 -92.714642 0.000000
-47.054455 -83.396018 0.000000
96.455984 -48.077453 0.000000
-27.975027 -104.231773 0.000000
91.801996 -38.809633 0.000000
-55.407593 100.446301 0.000000
12.190705 -107.018805 0.000000
-97.914011 3.569237 0.000000
67.157962 -82.576613 0.000000
102.202821 32.760313 0.000000
94.014587 28.063857 0.000000
57.779420 88.155769 0.000000
105.096981 20.280939 0.000000
-92.482395 -24.722679 0.000000
-51.183318 94.899981 0.000000
72.202601 78.802253 0.000000
95.332214 18.745540 0.000000
26.796153 89.523327 0.000000
108.758296 -3.905969 0.000000
50.546365 -87.598153 0.000000
-96.109708 -24.768381 0.000000
-91.118037 55.033506 0.000000
-95.655347 -54.657508 0.000000
-100.321051 17.896583 0.000000
30.182241 99.258698 0.000000
104.042674 -26.476140 0.000000
-81.345683 -70.704523 0.000000
-64.241606 -61.883766 0.000000
-49.523167 -88.902987 0.000000
112.514023 5.048511 0.000000
26.759790 104.160200 0.000000
30.409706 -100.293958 0.000000
28.974255 97.917787 0.000000
-96.953095 -47.343250 0.000000
-100.312140 39.112631 0.000000
-107.902204 -7.084427 0.000000
-16.994408 -101.004505 0.000000
113.125357 17.740095 0.000000
-56.046809 -73.112066 0.000000
-85.320018 43.446101 0.000000
-40.903816 82.950526 0.000000
43.041490 83.824619 0.000000
108.697995 -6.175782 0.000000
6.906158 104.260177 0.000000
-35.792573 100.677985 0.000000
-59.264032 -81.470754 0.000000
106.393608 15.841475 0.000000
-105.432460 20.542322 0.000000
-88.206848 64.402643 0.000000
32.056435 78.783567 0.000000
-6.575857 85.442755 0.000000
47.233217 -88.262855 0.000000
84.157623 29.442908 0.000000
-97.109589 44.180619 0.000000
-40.510694 -89.383206 0.000000
26.666124 -104.512613 0.000000
-57.119778 -81.827874 0.000000
-4.222627 104.773666 0.000000
88.619452 40.255777 0.000000
-67.472823 69.138224 0.000000
-108.716158 -5.422889 0.000000
84.926877 -66.511763 0.000000
95.547440 58.316847 0.000000
-84.523772 -75.168689 0.000000
106.979878 32.749973 0.000000
-9.117839 81.545636 0.000000
-62.285262 -88.192621 0.000000
100.537490 -7.274854 0.000000
104.945920 -24.227268 0.000000
71.112990 83.379648 0.000000
77.027185 -73.421903 0.000000
106.182742 34.201129 0.000000
-6.690481 99.607289 0.000000
101.715158 33.071641 0.000000
86.631565 -62.737361 0.000000
96.793050 -39.340050 0.000000
-82.713515 -34.213438 0.000000
97.236792 56.527648 0.000000
26.563624 -100.813484 0.000000
83.372564 67.479660 0.000000
-12.707725 -107.774340 0.000000
-100.180035 39.374433 0.000000
-103.445251 -27.552545 0.000000
99.564213 4.988212 0.000000
103.872869 11.554737 0.000000
-93.974159 52.874374 0.000000
-68.454041 -83.241213 0.000000
-106.430672 16.267090 0.000000
85.805639 -8.264804 0.000000
9.450013 -108.814075 0.000000
104.943529 -0.864703 0.000000
65.188256 -75.248253 0.000000
-56.572622 91.647722 0.000000
11.425799 98.815332 0.000000
-76.033981 77.684592 0.000000
-55.768818 48.912964 0.000000
1.104040 -107.570028 0.000000
-40.688696 80.846714 0.000000
82.710294 -44.119471 0.000000
20.943036 105.765161 0.000000
98.696867 18.862848 0.000000
-54.627051 -69.533773 0.000000
102.898797 26.941532 0.000000
22.496118 -107.167605 0.000000
29.843703 98.970221 0.000000
39.377856 99.358271 0.000000
-38.594738 70.208720 0.000000
45.843316 -96.732607 0.000000
32.841705 -108.265939 0.000000
105.627363 12.878439 0.000000
105.503292 -23.647238 0.000000
23.719154 -103.942055 0.000000
98.508393 0.035630 0.000000
90.881735 27.823855 0.000000
-53.838081 92.940909 0.000000
104.409526 5.415888 0.000000
3.598476 114.238036 0.000000
-107.130233 12.507121 0.000000
-78.732459 53.299995 0.000000
-83.645580 56.023913 0.000000
-17.835598 -106.132432 0.000000
103.278530 -31.019222 0.000000
-42.479241 -106.786386 0.000000
25.082260 -104.793039 0.000000
-92.122640 25.027734 0.000000
17.481774 109.694058 0.000000
33.402384 -102.762749 0.000000
-40.379045 -82.287940 0.000000
79.586105 -48.217082 0.000000
-4.889601 106.613818 0.000000
31.888321 102.525255 0.000000
68.841708 72.971494 0.000000
68.260734 62.187130 0.000000
42.727325 -89.250778 0.000000
4.220417 84.171085 0.000000
-82.861339 68.785330 0.000000
77.231690 74.406995 0.000000
23.365067 101.846476 0.000000
89.047860 27.648397 0.000000
-108.076787 -5.277198 0.000000
24.694714 105.945649 0.000000
-105.580487 14.967416 0.000000
53.381396 73.876838 0.000000
74.629891 -77.583642 0.000000
-104.836899 -19.708342 0.000000
-106.924560 23.269331 0.000000
-46.753561 -99.047233 0.000000
-66.363076 56.152161 0.000000
96.551161 15.580629 0.000000
-77.772559 73.652052 0.000000
-56.644212 -71.070799 0.000000
84.320437 55.668986 0.000000
-31.109274 -103.487858 0.000000
46.231698 66.225355 0.000000
-81.007153 -71.248457 0.000000
-90.796057 -46.768841 0.000000
53.598380 -101.142280 0.000000
-27.637543 94.373428 0.000000
-77.370757 44.768818 0.000000
-107.629552 -1.134157 0.000000
98.064689 -6.753714 0.000000
-63.177778 74.370908 0.000000
8.350852 109.997301 0.000000
76.225473 35.005950 0.000000
50.440040 -83.498592 0.000000
74.428719 -77.822426 0.000000
-75.858240 -78.084218 0.000000
-51.048501 -56.541604 0.000000
53.075597 93.286208 0.000000
60.221219 89.512489 0.000000
-24.033374 105.420056 0.000000
-90.452107 -49.999361 0.000000
-33.048726 85.441399 0.000000
-16.519517 -111.091391 0.000000
-51.773301 -94.510638 0.000000
-93.409034 -54.895921 0.000000
-91.940089 -42.019881 0.000000
15.086353 -74.909030 0.000000
22.014284 -105.630452 0.000000
84.961327 53.009417 0.000000
-103.019859 30.601117 0.000000
-55.075860 -72.240332 0.000000
100.141561 37.222143 0.000000
83.902376 -62.239451 0.000000
98.354624 42.330064 0.000000
-26.033460 98.717328 0.000000
-78.221547 76.347831 0.000000
-21.485731 97.246085 0.000000
81.962130 -70.331730 0.000000
12.943024 -89.015606 0.000000
44.275765 84.588097 0.000000
-99.703112 41.631348 0.000000
-63.880181 -76.460721 0.000000
82.033417 58.758868 0.000000
59.004846 89.430961 0.000000
-105.018147 17.895363 0.000000
2.921140 104.782127 0.000000
-98.215417 23.376743 0.000000
-95.264737 37.276865 0.000000
84.457045 -67.298076 0.000000
90.355325 58.549477 0.000000
112.199821 0.091780 0.000000
101.223228 -15.616973 0.000000
91.812326 -21.115485 0.000000
-110.632442 19.581770 0.000000
-55.057311 -48.165285 0.000000
47.871472 -92.057402 0.000000
14.808061 103.420133 0.000000
-99.284034 37.638728 0.000000
105.884603 27.823834 0.000000
98.695265 1.837233 0.000000
77.459017 74.022202 0.000000
37.079235 -100.411041 0.000000
66.997408 75.247748 0.000000
2.952124 -111.348988 0.000000
-16.982290 -108.004885 0.000000
112.186556 -2.970821 0.000000
-92.580768 38.181073 0.000000
34.895546 -100.647440 0.000000
-87.458961 -4.036018 0.000000
80.049756 -69.774815 0.000000
-27.258281 -99.768413 0.000000
73.637570 56.713813 0.000000
-7.569864 106.623501 0.000000
107.372568 -8.047426 0.000000
-80.904101 -71.241917 0.000000
59.858723 -76.979363 0.000000
-49.731536 -76.911641 0.000000
-49.393523 -100.048079 0.000000
101.746316 36.528737 0.000000
41.626430 -81.508957 0.000000
108.520184 -5.755779 0.000000
1.116918 114.027431 0.000000
-106.097255 42.175167 0.000000
81.417404 -69.087300 0.000000
74.542971 81.728101 0.000000
-83.448052 -69.945142 0.000000
100.146086 36.399078 0.000000
94.420963 -63.014679 0.000000
24.123732 -110.637256 0.000000
-17.908657 103.260979 0.000000
-73.322104 84.802638 0.000000
-89.911939 -54.344267 0.000000
-0.914478 97.327554 0.000000
-59.852613 -89.918512 0.000000
47.955416 -92.403453 0.000000
-96.864634 38.499496 0.000000
57.962818 89.374177 0.000000
106.030815 20.102860 0.000000
81.596408 -68.592928 0.000000
-85.581924 21.806210 0.000000
33.688026 102.508462 0.000000
91.453066 -45.334394 0.000000
-52.017773 93.057553 0.000000
103.354809 -17.371737 0.000000
21.494225 -100.268966 0.000000
87.620380 57.603764 0.000000
-4.742149 107.817219 0.000000
-77.227998 -75.083715 0.000000
104.607609 -24.599079 0.000000
-107.269242 -10.901197 0.000000
-87.626932 25.048797 0.000000
-87.076633 -62.939009 0.000000
-103.368159 30.209133 0.000000
81.267694 -46.820472 0.000000
-30.612039 -81.019656 0.000000
58.266126 90.264859 0.000000
106.375529 9.347631 0.000000
-100.466709 -28.532473 0.000000
-85.557599 64.101352 0.000000
23.130022 105.591780 0.000000
-106.970215 20.344888 0.000000
-42.109047 -80.827342 0.000000
-51.219110 -94.817455 0.000000
-41.212947 -100.913602 0.000000
-21.158737 105.965026 0.000000
-67.615794 -77.329636 0.000000
-62.360956 -79.368823 0.000000
75.926615 -62.767950 0.000000
55.166802 77.898339 0.000000
-54.981861 62.425740 0.000000
75.553293 75.232359 0.000000
-101.320811 -21.368946 0.000000
-106.057660 6.941223 0.000000
-29.264877 90.912864 0.000000
54.179225 -91.754969 0.000000
100.308990 -39.758229 0.000000
31.802717 -90.607255 0.000000
-63.025196 79.063365 0.000000
-87.460462 -63.232215 0.000000
53.944524 -91.899978 0.000000
-99.696717 14.955434 0.000000
-81.082530 41.855377 0.000000
108.841919 10.331655 0.000000
-85.174003 6.894023 0.000000
-64.931407 -75.563766 0.000000
16.045804 102.099396 0.000000
-87.889935 -24.532739 0.000000
93.631754 61.147847 0.000000
109.761638 24.544901 0.000000
-81.502141 36.456708 0.000000
85.645937 73.053727 0.000000
47.783571 -98.512186 0.000000
30.129159 -103.255704 0.000000
102.423528 -30.181598 0.000000
75.275188 -76.824625 0.000000
36.964854 88.872779 0.000000
-30.976859 -94.441906 0.000000
77.881249 84.286218 0.000000
85.967272 -46.833517 0.000000
15.589947 -96.935218 0.000000
69.518973 61.457321 0.000000
85.347411 11.085340 0.000000
70.986697 81.917913 0.000000
80.378002 71.735784 0.000000
-70.430160 -81.715117 0.000000
97.462023 36.962177 0.000000
82.911461 53.205202 0.000000
-1.916260 107.763747 0.000000
-49.243830 102.722721 0.000000
23.642269 105.315498 0.000000
28.190660 85.900569 0.000000
96.185600 47.255603 0.000000
-62.672596 86.390483 0.000000
95.593912 48.201158 0.000000
101.499058 -33.644012 0.000000
21.546145 86.510392 0.000000
9.818514 90.276535 0.000000
74.303185 -78.801917 0.000000
26.461413 105.531699 0.000000
-43.360491 -89.859664 0.000000
70.147888 -81.656729 0.000000
74.859473 -25.518980 0.000000
79.264586 72.881939 0.000000
-75.135283 -46.271252 0.000000
-67.474193 21.617939 0.000000
60.329685 81.942058 0.000000
-9.399054 99.222783 0.000000
103.525327 -13.183632 0.000000
-99.769273 -21.763847 0.000000
-99.148043 4.010937 0.000000
-94.450404 -43.944692 0.000000
53.097530 -82.148534 0.000000
-84.175533 -8.568302 0.000000
-13.354669 91.837173 0.000000
105.405824 19.337292 0.000000
28.232783 108.093711 0.000000
85.514812 57.874369 0.000000
108.122962 3.255548 0.000000
5.324383 81.265875 0.000000
21.193477 104.632513 0.000000
106.578840 7.509647 0.000000
74.351539 -53.358470 0.000000
84.536989 -49.894629 0.000000
103.131600 -47.292227 0.000000
-43.644375 -97.416872 0.000000
63.225601 87.375436 0.000000
-73.901279 -78.872941 0.000000
-101.543923 -28.341120 0.000000
-48.193263 -95.333293 0.000000
-33.059129 -90.823898 0.000000
-76.387368 -38.166475 0.000000
-103.235571 17.997707 0.000000
-82.514907 -33.101839 0.000000
85.422919 37.814091 0.000000
109.408649 -27.207478 0.000000
-96.221306 45.594583 0.000000
-20.384894 -100.853748 0.000000
-40.945423 99.459334 0.000000
-52.542980 82.684109 0.000000
-50.180984 95.388425 0.000000
-45.954213 -97.643574 0.000000
-64.891272 -63.507259 0.000000
-97.240299 31.293379 0.000000
-15.405914 106.534904 0.000000
-97.820188 45.820767 0.000000
-45.955292 -96.554835 0.000000
49.787832 101.703262 0.000000
-90.128643 -56.786660 0.000000
-18.739367 106.745008 0.000000
-83.115112 -47.854685 0.000000
56.009236 90.922310 0.000000
42.667783 -78.581812 0.000000
99.330573 43.634034 0.000000
73.734584 70.683515 0.000000
-102.223284 31.859194 0.000000
-63.231917 -87.345400 0.000000
53.083614 -94.706406 0.000000
-96.584883 -33.419701 0.000000
-97.518305 -30.269939 0.000000
-105.834102 20.292437 0.000000
-3.938185 107.233283 0.000000
6.514463 -81.669440 0.000000
-18.499100 77.059495 0.000000
67.592870 -49.003258 0.000000
-34.153594 102.308596 0.000000
96.735610 -48.199343 0.000000
56.863330 -90.138391 0.000000
-104.578639 45.599557 0.000000
-94.430933 -36.071247 0.000000
93.601500 65.228524 0.000000
-16.647228 102.922934 0.000000
-63.988255 -77.249905 0.000000
45.526972 83.422273 0.000000
-47.304461 98.220000 0.000000
94.272226 -54.195596 0.000000
71.104758 -64.909184 0.000000
104.311009 -24.364028 0.000000
-50.469380 97.037048 0.000000
-112.763081 19.297801 0.000000
-81.610049 -52.717370 0.000000
64.872925 -77.455363 0.000000
-86.327339 72.718240 0.000000
-93.631945 54.080305 0.000000
54.546791 93.235556 0.000000
1.759044 -82.343055 0.000000
-88.534447 -7.392316 0.000000
-81.096607 -70.553752 0.000000
69.873957 82.128547 0.000000
-104.989391 25.554413 0.000000
94.645949 22.138693 0.000000
51.884288 94.082812 0.000000
-50.015644 -79.880085 0.000000
45.358257 103.998879 0.000000
52.294406 85.150681 0.000000
-75.591224 83.315942 0.000000
-89.566076 -23.139749 0.000000
-9.807094 -106.208009 0.000000
-19.129872 -105.801946 0.000000
68.001379 63.207064 0.000000
-111.711590 -0.580763 0.000000
-65.826019 83.737257 0.000000
26.666357 110.972628 0.000000
-20.651197 -102.422750 0.000000
35.667133 -91.391994 0.000000
91.448003 -27.470604 0.000000
84.792826 -4.135318 0.000000
-41.618809 -99.346660 0.000000
108.090900 -15.619696 0.000000
106.526009 -18.004627 0.000000
27.207175 82.214822 0.000000
-44.974924 91.685808 0.000000
-55.796892 50.680861 0.000000
-91.788016 56.310485 0.000000
-102.629058 -33.741917 0.000000
-86.075801 -59.624948 0.000000
-28.523639 -104.218264 0.000000
-52.359353 89.087275 0.000000
-9.571766 -106.332320 0.000000
-90.306931 -59.069093 0.000000
101.526756 40.526486 0.000000
-13.256235 105.608862 0.000000
58.969651 -69.769376 0.000000
12.767602 94.199036 0.000000
-63.703450 67.816188 0.000000
10.612354 -99.343925 0.000000
78.955198 -73.236352 0.000000
104.539430 -27.175226 0.000000
-106.615862 -7.463622 0.000000
40.310945 -100.331812 0.000000
107.002994 -23.814470 0.000000
-27.353291 -103.302135 0.000000
5.477176 -107.991507 0.000000
74.678422 76.000006 0.000000
-65.437831 -14.303921 0.000000
-96.722056 47.254599 0.000000
28.298367 98.420222 0.000000
67.853226 56.417475 0.000000
-78.594131 -73.204728 0.000000
-93.245817 -36.431661 0.000000
69.705105 81.737237 0.000000
0.500682 34.667644 0.000000
107.614080 20.384180 0.000000
-84.868664 54.949339 0.000000
-40.170187 -76.417763 0.000000
-93.078899 -54.294501 0.000000
70.342835 -81.674414 0.000000
103.987121 -38.419926 0.000000
-19.324505 -89.248078 0.000000
-88.713721 42.148201 0.000000
88.585637 61.739377 0.000000
-64.175956 -76.246467 0.000000
88.564312 -35.452886 0.000000
104.441776 25.816869 0.000000
-71.156974 -69.194427 0.000000
61.079588 -26.524829 0.000000
-78.917286 79.405281 0.000000
31.598916 -101.693522 0.000000
1.813505 107.796151 0.000000
69.350127 73.557959 0.000000
91.633231 59.270147 0.000000
85.822113 -28.932087 0.000000
-100.939931 27.230272 0.000000
20.238244 -105.973506 0.000000
50.171609 -94.239767 0.000000
-7.020347 85.684881 0.000000
100.197024 -28.451445 0.000000
37.234997 -100.601131 0.000000
-74.788830 -77.558406 0.000000
-87.247797 -62.664824 0.000000
2.814986 102.050814 0.000000
-101.742973 -34.133519 0.000000
6.753638 -86.616697 0.000000
92.567569 -22.212161 0.000000
2.401998 94.969250 0.000000
86.617804 -45.536340 0.000000
-83.293397 57.435264 0.000000
-45.381000 75.964626 0.000000
-106.258948 -21.965654 0.000000
93.782029 43.172719 0.000000
71.557318 -71.730211 0.000000
-97.469868 -42.588287 0.000000
44.321652 103.313185 0.000000
90.504807 -57.136302 0.000000
69.095264 81.041461 0.000000
83.668467 -34.253470 0.000000
-42.485065 -98.934883 0.000000
35.099007 -93.209347 0.000000
-90.876857 -57.741336 0.000000
-34.485445 90.291496 0.000000
-50.671625 -101.634675 0.000000
-64.380569 53.676948 0.000000
-88.153486 -54.637580 0.000000
-5.326882 -98.986442 0.000000
76.110085 61.926349 0.000000
34.301670 -109.620681 0.000000
-99.884374 21.891911 0.000000
101.623849 -35.220312 0.000000
-105.250994 -20.370907 0.000000
-85.135371 -64.482256 0.000000
-97.860711 -43.075406 0.000000
-33.874796 101.674459 0.000000
74.179498 -44.787587 0.000000
92.339483 -53.609806 0.000000
-89.448933 -43.262798 0.000000
90.399423 -50.466425 0.000000
-16.189104 105.636743 0.000000
-67.393521 84.442465 0.000000
-104.129764 24.089594 0.000000
23.917613 104.942990 0.000000
37.551265 -100.830612 0.000000
-104.760771 -25.390281 0.000000
-42.498435 -99.143651 0.000000
83.437903 -66.850310 0.000000
42.059731 78.486322 0.000000
-105.408404 17.998454 0.000000
9.106339 106.820503 0.000000
32.190586 103.010391 0.000000
-91.336327 7.268936 0.000000
-94.863346 50.303397 0.000000
91.724292 -56.849351 0.000000
-57.798423 82.584754 0.000000
51.444415 -82.400538 0.000000
106.313561 -13.804816 0.000000
12.090094 106.013217 0.000000
-106.563771 -10.745168 0.000000
-93.626874 -5.695496 0.000000
77.550008 -78.010376 0.000000
28.418073 104.003026 0.000000
90.758350 65.513856 0.000000
-104.879403 -21.439177 0.000000
104.740764 -6.554500 0.000000
-51.053975 94.866331 0.000000
-79.288396 -77.804378 0.000000
-34.103056 103.492457 0.000000
74.554903 -65.864487 0.000000
-48.332250 -67.192549 0.000000
-102.757144 -31.669840 0.000000
-65.570849 -93.909704 0.000000
4.071411 109.511120 0.000000
-62.062365 -62.753697 0.000000
-46.385403 81.731147 0.000000
68.625858 88.890316 0.000000
78.344151 69.608601 0.000000
11.305432 -85.597165 0.000000
69.648447 -64.174069 0.000000
69.023623 82.240095 0.000000
-103.770925 -30.618115 0.000000
10.813228 -97.545422 0.000000
-12.885414 -101.948035 0.000000
86.189489 71.471976 0.000000
-38.384670 -99.590096 0.000000
9.057877 -100.688331 0.000000
-3.840894 -102.007478 0.000000
-44.916697 -98.819244 0.000000
28.833756 101.413038 0.000000
34.566483 107.557314 0.000000
100.153740 -14.018081 0.000000
-44.689213 -97.830203 0.000000
-31.527573 -96.043847 0.000000
91.695195 53.549459 0.000000
91.818174 -62.214990 0.000000
65.359635 -81.623541 0.000000
80.502060 -43.976721 0.000000
34.932814 101.648500 0.000000
-49.241460 -87.814000 0.000000
100.728497 14.587792 0.000000
-93.533748 53.248794 0.000000
87.757743 65.818087 0.000000
-50.430158 -96.286130 0.000000
97.190225 2.613016 0.000000
-7.470991 -104.272349 0.000000
-55.951980 -90.577929 0.000000
14.027633 -108.354893 0.000000
24.661813 105.991129 0.000000
96.682065 -41.361742 0.000000
84.107595 -67.861752 0.000000
-1.549836 -107.575959 0.000000
103.841348 26.018981 0.000000
104.736834 23.844180 0.000000
59.474877 -81.597536 0.000000
63.173294 80.228636 0.000000
107.761327 -2.073783 0.000000
32.475512 -101.775470 0.000000
28.515045 74.606409 0.000000
-106.999987 -11.310040 0.000000
72.220629 -75.536732 0.000000
-25.054314 -107.786627 0.000000
95.670999 36.380375 0.000000
24.726400 -94.143822 0.000000
-27.055604 99.707115 0.000000
98.003862 11.421347 0.000000
-9.913493 -107.284102 0.000000
-94.714637 -33.766868 0.000000
-80.041019 61.348330 0.000000
109.139754 -17.882529 0.000000
-111.488465 -17.935012 0.000000
98.482680 -43.083342 0.000000
-106.817468 -14.190135 0.000000
-44.253598 98.473847 0.000000
-79.764315 -1.801692 0.000000
86.557446 -14.839328 0.000000
83.982161 49.395489 0.000000
45.228446 -17.659711 0.000000
44.093147 -97.872045 0.000000
100.401426 -42.024151 0.000000
31.655063 -75.544794 0.000000
61.911804 -82.817346 0.000000
-93.403297 -34.037703 0.000000
108.586770 -12.039870 0.000000
-25.177455 -104.820089 0.000000
13.041327 -89.768920 0.000000
-54.823800 48.201741 0.000000
82.073932 68.504638 0.000000
-91.127921 20.638705 0.000000
6.406621 88.915482 0.000000
25.607507 103.350533 0.000000
95.717308 -0.280287 0.000000
-9.175348 -104.614649 0.000000
78.828262 -73.910007 0.000000
108.313927 19.901098 0.000000
-83.582416 67.174249 0.000000
0.000000 0.000000 0.000000
55.737209 88.423194 0.000000
-101.342566 35.481664 0.000000
-81.765835 70.245498 0.000000
-65.227023 -86.706370 0.000000
-4.322892 106.817944 0.000000
-96.922637 10.664233 0.000000
-14.851336 -103.145828 0.000000
-72.702354 68.189530 0.000000
33.299489 -107.878445 0.000000
46.963366 -89.058381 0.000000
104.802562 26.646557 0.000000
-95.343173 -18.295579 0.000000
91.487162 47.595855 0.000000
107.376315 1.135472 0.000000
-67.174002 -84.288557 0.000000
-102.514225 -30.704529 0.000000
105.464057 6.732498 0.000000
-52.206462 -87.715890 0.000000
89.626358 60.021108 0.000000
-102.083628 16.256847 0.000000
107.798141 -7.584418 0.000000
95.422735 -24.399828 0.000000
-13.366592 -98.382442 0.000000
71.935020 -80.364024 0.000000
107.607356 -3.477608 0.000000
-105.616229 37.124101 0.000000
7.805132 -107.272242 0.000000
80.116784 20.975353 0.000000
-69.149255 -35.081430 0.000000
-102.204438 5.810465 0.000000
16.421087 98.078156 0.000000
-37.963631 -101.027981 0.000000
-52.006260 74.783762 0.000000
9.378143 -98.252961 0.000000
67.522368 -83.730940 0.000000
-63.884427 76.262604 0.000000
-78.194433 -74.330685 0.000000
-71.909039 69.992611 0.000000
101.106268 36.381594 0.000000
54.130015 -91.181042 0.000000
-60.026596 -90.269752 0.000000
-20.799652 106.301201 0.000000
-70.649351 -70.237957 0.000000
-106.409678 -15.106359 0.000000
99.087167 45.806561 0.000000
103.890482 8.736115 0.000000
77.544165 -74.537687 0.000000
10.856034 100.362151 0.000000
-31.385766 103.216935 0.000000
-62.916799 -59.353765 0.000000
-23.345960 -105.199287 0.000000
-18.262709 110.680416 0.000000
-87.056853 -45.521744 0.000000
-2.229613 -107.567384 0.000000
-101.758709 9.042512 0.000000
31.517646 98.593305 0.000000
83.482429 29.539640 0.000000
36.267597 -91.477618 0.000000
94.393218 -44.725548 0.000000
67.149972 79.253935 0.000000
102.578611 -32.930594 0.000000
80.209928 -51.312479 0.000000
-75.049720 72.279733 0.000000
-9.257437 -89.945147 0.000000
28.672640 -104.124677 0.000000
84.733231 48.258245 0.000000
8.505182 97.736592 0.000000
-63.343573 -87.429681 0.000000
99.427509 30.245906 0.000000
50.160172 -91.635047 0.000000
-70.500748 -35.920081 0.000000
10.695252 -105.791063 0.000000
25.786476 -108.388237 0.000000
73.428827 86.023731 0.000000
-73.521385 -32.975271 0.000000
64.656149 -76.819964 0.000000
15.279347 -106.709116 0.000000
-91.539286 -51.489298 0.000000
-102.153866 34.371059 0.000000
42.261303 104.720456 0.000000
32.891653 84.360457 0.000000
44.512541 -98.031484 0.000000
-97.666968 -45.320321 0.000000
-69.576599 -73.382128 0.000000
-96.361622 52.685936 0.000000
3.416383 -107.253312 0.000000
58.814648 -96.992783 0.000000
-54.378478 83.964816 0.000000
69.155078 82.216719 0.000000
-101.462073 22.870653 0.000000
84.819316 24.599643 0.000000
-104.626631 22.680845 0.000000
-39.423062 -86.096366 0.000000
111.213900 27.700287 0.000000
-5.933010 71.233808 0.000000
89.900426 38.839614 0.000000
22.101439 -105.460016 0.000000
103.130169 32.230358 0.000000
31.232867 -64.498467 0.000000
52.300741 87.680290 0.000000
93.085244 14.466845 0.000000
38.226121 -93.640881 0.000000
53.369541 94.606161 0.000000
74.419208 -81.367350 0.000000
-20.995144 -101.476380 0.000000
87.947266 -60.014150 0.000000
29.538797 98.960495 0.000000
-67.966175 -76.238530 0.000000
-65.485481 84.806486 0.000000
68.538396 -82.798620 0.000000
-26.026558 -105.536574 0.000000
75.597555 79.386113 0.000000
-9.599787 -106.518199 0.000000
57.466206 -86.156991 0.000000
56.060460 -79.359404 0.000000
-29.232663 103.984253 0.000000
68.366810 -88.278413 0.000000
-97.244501 34.041040 0.000000
-67.731898 79.231707 0.000000
-82.135512 66.600422 0.000000
60.071454 -75.110483 0.000000
-93.573033 46.070052 0.000000
-29.394908 -100.226381 0.000000
-33.897964 81.008500 0.000000
75.583862 47.481828 0.000000
75.148951 68.677231 0.000000
-104.932852 19.135027 0.000000
-102.854896 -37.699493 0.000000
22.124730 -100.896377 0.000000
48.655149 -96.229713 0.000000
-104.750859 -20.631062 0.000000
-48.990833 -61.199705 0.000000
51.418480 94.310261 0.000000
-89.447735 -60.068379 0.000000
80.749710 71.748258 0.000000
-75.262340 -75.862207 0.000000
-48.222034 78.097268 0.000000
43.201245 -75.970202 0.000000
-44.368292 95.617597 0.000000
34.283401 102.201920 0.000000
87.887000 61.626722 0.000000
-61.374667 88.619146 0.000000
-104.040553 4.587499 0.000000
-18.993424 102.750926 0.000000
95.150863 -50.529055 0.000000
-80.275625 73.172297 0.000000
-14.433915 -88.047248 0.000000
71.475990 80.488013 0.000000
-56.362547 85.160851 0.000000
-61.694465 79.623879 0.000000
-91.931930 56.980315 0.000000
104.670945 32.956497 0.000000
39.797664 96.612417 0.000000
-70.884756 71.531099 0.000000
-82.881021 68.685097 0.000000
-48.484012 -89.961936 0.000000
89.892524 58.830273 0.000000
-65.881849 71.380779 0.000000
-70.762973 -79.867835 0.000000
61.640860 -74.989506 0.000000
89.026800 -55.338973 0.000000
90.932188 -58.279163 0.000000
65.233210 73.355004 0.000000
-51.520932 82.714895 0.000000
89.344917 60.692951 0.000000
-66.327717 91.229367 0.000000
33.306638 101.138845 0.000000
95.421916 51.473694 0.000000
96.025000 -47.902490 0.000000
-75.227423 61.267002 0.000000
72.060530 -66.578760 0.000000
-92.142037 -41.813595 0.000000
16.100141 106.497356 0.000000
25.417371 -109.613691 0.000000
103.481347 5.089547 0.000000
79.866669 -72.357321 0.000000
76.776337 -82.657017 0.000000
106.202888 10.291959 0.000000
-17.667079 105.736458 0.000000
-81.956159 70.328992 0.000000
107.270456 -35.813675 0.000000
91.798381 -65.137234 0.000000
-64.452123 -86.159682 0.000000
-7.827364 103.285178 0.000000
1.217105 108.577929 0.000000
-101.912235 -7.272722 0.000000
39.681860 -94.356069 0.000000
56.998724 90.030949 0.000000
59.659226 -82.617391 0.000000
30.526556 -103.306141 0.000000
11.261731 -105.467017 0.000000
-57.377358 91.215346 0.000000
-41.535215 97.156643 0.000000
95.437070 48.142596 0.000000
-93.317477 53.401546 0.000000
13.103132 -104.252454 0.000000
98.012080 -54.735625 0.000000
54.155527 86.265786 0.000000
10.395962 88.666766 0.000000
93.554937 -56.360280 0.000000
-36.910057 -93.669818 0.000000
-92.926149 62.017826 0.000000
107.722443 -2.866344 0.000000
17.974491 106.555989 0.000000
48.580362 -96.040913 0.000000
21.276674 103.218429 0.000000
-51.061416 43.689723 0.000000
14.890248 -105.611660 0.000000
-49.974242 -73.354943 0.000000
12.376599 -111.466156 0.000000
-77.227755 77.013575 0.000000
73.041479 83.583491 0.000000
-98.410063 -21.399265 0.000000
74.887355 -77.987971 0.000000
107.912515 -3.173857 0.000000
-3.728099 99.530954 0.000000
78.435188 -70.594838 0.000000
-25.921082 -92.328245 0.000000
6.438144 -104.017055 0.000000
-49.263902 -68.403171 0.000000
-3.696426 107.102949 0.000000
-30.904492 -92.070308 0.000000
29.022581 102.725376 0.000000
-102.651154 14.059262 0.000000
103.628207 28.763950 0.000000
93.400805 -30.432346 0.000000
82.838887 12.182940 0.000000
111.682856 -15.263861 0.000000
-14.856347 104.310424 0.000000
100.631342 26.711320 0.000000
-46.884204 79.326009 0.000000
4.555252 -107.677562 0.000000
85.019460 69.018162 0.000000
-88.860127 -70.076950 0.000000
88.065926 -61.346141 0.000000
113.977156 9.367706 0.000000
46.986090 -93.694405 0.000000
-93.671377 -16.238939 0.000000
-90.494068 32.149851 0.000000
-30.204369 -103.645343 0.000000
96.355985 11.746568 0.000000
-106.631019 15.604944 0.000000
-53.945423 -94.779867 0.000000
90.070609 9.438825 0.000000
-90.185651 -27.635875 0.000000
-102.883770 16.460197 0.000000
-107.788364 -18.673433 0.000000
-67.073168 56.041884 0.000000
-26.033284 96.133199 0.000000
96.555249 28.711763 0.000000
36.421953 -101.041555 0.000000
101.531630 38.824916 0.000000
-5.263534 -103.501917 0.000000
56.976958 89.859634 0.000000
-58.552709 90.079284 0.000000
-97.499679 -6.941032 0.000000
-38.189465 -87.343490 0.000000
-81.596316 -71.585227 0.000000
-106.822872 12.700100 0.000000
59.957463 50.252295 0.000000
49.305356 -86.974014 0.000000
-104.858829 21.698804 0.000000
93.159712 42.046982 0.000000
77.516564 36.764356 0.000000
99.950904 -38.914844 0.000000
-3.898063 106.457245 0.000000
-42.127546 -91.886644 0.000000
1.729042 -107.639592 0.000000
-57.108565 69.830298 0.000000
-18.458573 -94.787114 0.000000
-90.799654 35.575689 0.000000
-73.488366 -87.448734 0.000000
95.812679 59.189633 0.000000
16.163671 93.078855 0.000000
26.378226 -103.509450 0.000000
99.696768 31.372033 0.000000
57.335386 91.211835 0.000000
21.545902 -105.009597 0.000000
-95.536775 52.962660 0.000000
-101.875828 -3.913923 0.000000
18.863320 -75.913897 0.000000
-3.910794 -86.754871 0.000000
101.046911 -35.996563 0.000000
-13.880388 -87.001861 0.000000
93.573936 -27.178714 0.000000
89.873956 30.738849 0.000000
97.182955 -44.705366 0.000000
-93.845462 54.224167 0.000000
86.146706 64.329325 0.000000
86.661265 45.653738 0.000000
-78.915412 -51.326657 0.000000
102.696434 -0.845225 0.000000
16.292991 105.638547 0.000000
47.703306 85.768450 0.000000
-66.562348 -64.350203 0.000000
95.928439 51.838161 0.000000
38.501356 -99.786934 0.000000
103.185892 7.043876 0.000000
48.897143 87.090727 0.000000
33.071118 99.121733 0.000000
6.858757 -95.149618 0.000000
-57.914213 56.720252 0.000000
-37.889877 -100.351472 0.000000
30.441303 -104.205850 0.000000
-83.265335 -63.600686 0.000000
85.466169 -16.994935 0.000000
60.452400 -88.766708 0.000000
88.429114 41.066238 0.000000
61.334475 77.630785 0.000000
-92.315842 25.874572 0.000000
89.631461 57.988837 0.000000
-98.208452 -44.744764 0.000000
88.779048 -43.115047 0.000000
11.628117 -111.992014 0.000000
61.009391 89.126535 0.000000
-2.866177 -114.042838 0.000000
40.726851 100.139194 0.000000
-25.353944 -104.789030 0.000000
-101.996522 21.441138 0.000000
-27.331076 -82.999163 0.000000
-91.080647 -29.511312 0.000000
87.509905 61.189843 0.000000
10.835253 92.311116 0.000000
87.178011 39.989855 0.000000
-37.600690 -101.131554 0.000000
92.377447 46.164509 0.000000
-38.986922 101.849373 0.000000
89.959521 -59.658050 0.000000
5.050577 110.019492 0.000000
-5.842243 -101.617611 0.000000
-47.019257 104.815671 0.000000
33.609876 -98.578248 0.000000
-101.925290 21.761916 0.000000
87.974011 59.835128 0.000000
107.957714 4.496260 0.000000
-78.477011 -70.235714 0.000000
-86.506861 62.472613 0.000000
-85.360013 65.920835 0.000000
87.056613 39.203799 0.000000
69.932214 82.216452 0.000000
-80.284427 23.822297 0.000000
-25.475444 -103.656052 0.000000
-74.982691 28.735866 0.000000
-86.604201 -54.071426 0.000000
-89.157765 34.019615 0.000000
-13.932399 -103.213371 0.000000
96.596348 50.505519 0.000000
58.985900 -90.263256 0.000000
-23.809921 -102.043763 0.000000
-74.649616 76.712495 0.000000
-45.389983 94.183054 0.000000
25.325375 -92.059848 0.000000
84.214775 -52.519116 0.000000
-29.180296 -107.418356 0.000000
65.739020 77.771590 0.000000
51.982447 74.844873 0.000000
94.061715 -52.662601 0.000000
42.579338 97.627228 0.000000
-26.341308 -103.164445 0.000000
-52.319061 93.946784 0.000000
60.577110 80.457519 0.000000
-23.404949 -100.479097 0.000000
-20.432109 -98.658748 0.000000
94.163667 -50.379306 0.000000
-82.833369 69.488424 0.000000
-57.370105 90.690295 0.000000
-87.501429 -57.827960 0.000000
16.959730 106.205522 0.000000
106.888817 10.935696 0.000000
-13.171895 101.398559 0.000000
96.345144 39.561614 0.000000
39.863331 99.858373 0.000000
-97.205663 44.476551 0.000000
100.058412 14.345043 0.000000
-5.367972 81.348243 0.000000
-79.150332 -72.543237 0.000000
94.985216 48.761334 0.000000
-95.517961 -17.855510 0.000000
35.712869 -96.940767 0.000000
